-2.538608769697182632e-01
1.342410137358039712e+00
7.534765331375894437e-01
-9.315205564806685601e-01
1.754949787371533620e+00
-1.492125381201468315e+00
-5.503266323499802493e-01
7.276086527498560885e-01
2.346505474234420185e-01
-2.063916312261872665e+00
2.556943097996656533e+00
-3.987964536746168243e+00
-7.458829703922131849e-01
5.349694938664060206e-01
-1.712617304925115436e+00
-1.074555572092163569e+00
1.486078726920991411e+00
-1.496438180198224721e+00
3.406965183762441285e+00
-9.462270892569393244e-01
-1.649086547088628174e-01
1.717138476354837628e+00
1.337650118496325424e+00
8.578547828212532145e-02
9.733444829826267686e-01
2.429214392011140866e+00
3.500596322227365192e-02
3.325759991621795031e-01
-1.803199655476601937e-01
-1.838239776482752497e+00
2.114115834739913602e+00
-1.276210847559164474e+00
-8.049175251894420402e-01
1.913248956841448578e+00
-3.455833303861011174e-01
9.779147473083217301e-01
1.425933371033641262e+00
7.773628289187295426e-01
-2.900483306923017368e-01
-1.457372690966306727e+00
5.004638828700695985e-01
-1.861595311828916355e+00
3.161436409437989425e+00
-3.511950930234609913e+00
2.154737294269292835e+00
-3.943746023964742609e-01
-2.278694889785449540e+00
2.193365789279114075e+00
-8.630108804153527879e-01
-1.633291925191063143e+00
9.269460392408589433e-01
-2.673400145894499480e-01
1.629759192473684948e+00
1.085465631290026156e+00
-2.814891069666097256e-01
-1.467791853198713525e+00
8.061638976890908026e-01
6.702527978986050350e-01
-3.820166236155765116e+00
-3.236105984914714462e-01
