-4.259279797147573765e-01
-9.268996033658052358e-01
2.549741677323648759e+00
3.666701753992459567e-01
-1.814352883466107347e+00
4.906951368848986306e+00
2.173081629385311964e-01
-1.403259971974508247e+00
3.192963058130677823e+00
-2.560323383923285512e+00
-1.664048854311777959e+00
-7.305171276893844823e-01
1.923579762084244749e+00
-2.079578221403805660e+00
8.630307400037938947e+00
-3.634737220888232478e+00
-1.252441714512886994e+00
7.355438239148098134e+00
-2.815170700323950559e+00
-5.944464228183013788e+00
-3.409527284973744798e+00
4.278003534452381018e+00
1.771192853921270682e+00
-3.788105143972774869e+00
-2.090848215916575992e+00
5.709172910898073106e+00
7.241827658477321350e+00
-3.718616129960186090e+00
4.488969884110812103e+00
1.555144313080329688e-02
-6.627430785537829827e+00
-5.315846253492026996e+00
5.732894674957744741e+00
-2.672597757722444456e+00
1.500616521477485144e+01
1.905452474363369175e+00
1.531469663910264956e+00
2.437679012819041979e+00
-1.603903129450902743e+00
-3.752570791539544537e+00
-4.141124570587697562e+00
-4.919399852336379074e-03
-6.612384755982675166e+00
-1.079223988111992494e+00
-7.201160607245886691e-01
-5.350572251992902206e-01
-6.023812547729210820e+00
-5.749265386756714502e-01
5.025592072829146773e+00
-6.082204468670369124e+00
2.143598309457216189e+00
-1.467026310870180872e+00
1.974287549389243335e+00
9.160968852548403873e+00
-1.887300544926698853e+00
-1.042389860772937382e+01
-2.844818400565593652e+00
1.562821705704173336e+00
-1.872332735686695449e+00
8.452405255296559616e+00
