-3.853310317607800961e-01
-1.648313434227533403e+00
4.381680074498500943e+00
3.853310324203307324e-01
-1.648313394691256040e+00
4.381679969603229807e+00
2.341841119961490247e-01
-1.243105586665755879e+00
2.712086618085677969e+00
-1.178032820597411323e+00
-2.024171671823200569e+00
5.876340601355423132e-01
9.942030611690647057e-02
-4.806244969101149067e+00
1.229652030120167439e+01
-9.785544555026122637e+00
-9.216496885636513703e-01
6.765399976585564801e+00
-7.626873972578970928e+00
-9.052758283216462587e+00
-4.735683554589313005e+00
2.250741139006313674e+00
6.653905527826364796e-01
-7.808906756076535949e+00
-4.672317131949388358e-01
6.107815225704984030e+00
8.294834206675126609e+00
-5.203247787225155463e+00
4.672011368597138059e+00
4.218324659824318701e+00
-5.942415425946752983e+00
-2.997805361557898784e+00
6.885848980875000969e+00
-3.612634666420265539e+00
1.543302548330883184e+01
1.514339809673383330e+00
6.420486248719654565e-01
-2.303259755783552354e+00
3.268456816659964126e+00
-6.387210505836926622e+00
4.022356301100972753e-01
2.544628769678362268e+00
-2.974103808549529937e+00
-1.379510194096492892e+00
1.142889844148773149e+00
-8.750802702890483897e-02
-8.721542323217411408e+00
2.474055900790951945e+00
1.089861061130080166e+01
-6.549081220700367467e+00
2.301198872708446252e+00
-5.823064617042176261e-01
2.124329951761484203e+00
6.201127059145779441e+00
-3.979903018073388310e+00
-5.566051672317934518e+00
-9.440729312910565163e-01
5.913037395224458592e+00
-2.436003441245052414e+00
1.670488341032220436e+00
