-4.261895041453722111e-01
-6.631162882368335509e-01
1.474882530428616167e+00
3.461262804084489497e-01
-8.058415720630375256e-01
2.253068181271739689e+00
2.319454150991220587e+01
-3.903087788883026210e-01
-4.562127117076873795e+00
-4.952374785260456047e-01
-2.338942791514137198e+00
1.882753698308342605e+00
6.105461860555267961e+00
2.291820609525232726e+02
2.149319663851462792e+03
3.766561814083083846e+02
-3.030856223921106221e+02
2.604304979423738587e+03
1.391735011224403706e+02
-2.603127136178891021e+01
7.430472886385140328e+02
3.895299917279173485e+01
-9.360532678234265802e+01
-4.528734064438143605e+02
5.458859738036573617e+03
-1.236552005762738418e+03
1.440567885374655255e+01
9.897386294322723188e+02
-7.097523562084766127e+02
5.155555704685648379e+02
2.420032466146488730e+02
-6.750403807809409500e+02
9.451717154934434006e+01
4.873364525550410065e+01
2.979266246101214506e+02
4.294655241663008383e+02
2.100856950774624199e+00
-3.303079991432279030e+02
7.006495315773146331e+02
4.338402121084398004e+02
2.181790402597289358e+02
-8.540137839046055035e+01
7.399395270695804356e+02
1.060146004132057215e+03
-6.351205912386740238e+02
2.259516660485911359e+02
-3.910225848491895562e+01
-2.363274679431781919e+02
-1.804517678635401126e+02
-1.360329260230016075e+02
-3.464028088536590531e+02
7.836977915526028937e+01
-8.607262147349556471e+02
4.532760006430373778e+02
-4.331929935525959081e+02
1.516332794038508382e+03
-9.573695518810218630e+01
-3.099894044142900498e+02
4.590375520768400293e+02
2.981805456932461311e+02
