1.
0.9999997080249622
0.999998874693096
0.9999974858103383
0.9999955413793652
0.9999930414038415
0.9999899858937831
0.9999863748568217
0.9999822083003332
0.9999774862387268
0.999972208685374
0.9999663756521836
0.9999599871570088
0.9999530432190697
0.9999455438551406
0.999937489047394
0.9999288787840778
0.999919713107967
0.9999099920620389
0.9998997156892708
0.9998888840326401
0.999877497135124
0.9998655550397
0.9998530577893452
0.9998400054270372
0.9998263979957531
0.9998122355384703
0.9997975180981662
0.9997822457178182
0.9997664184404033
0.999750036308899
0.9997330993662827
0.9997156076555317
0.9996975612196233
0.9996789601015348
0.9996598043442435
0.9996400939907268
0.9996198290839621
0.9995990096669265
0.9995776357825975
0.9995557074739524
0.9995332247839686
0.9995101877556232
0.9994865964318856
0.9994624508645017
0.9994377511362854
0.9994124973366997
0.9993866895552074
0.9993603278812714
0.9993334124043546
0.99930594321392
0.9992779203994304
0.9992493440503488
0.999220214256138
0.9991905311062611
0.9991602946901808
0.99912950509736
0.9990981624172616
0.9990662667393486
0.9990338181530839
0.9990008167479304
0.9989672626133509
0.9989331558388084
0.9988984965137658
0.9988632847276859
0.9988275205700318
0.9987912041302662
0.9987543354978521
0.9987169147622523
0.99867894201293
0.9986404173393477
0.9986013408309685
0.9985617125766973
0.998521532668493
0.9984808012318653
0.9984395183993284
0.9983976843033964
0.9983552990765832
0.9983123628514028
0.9982688757603695
0.9982248379359973
0.9981802495108001
0.998135110617292
0.9980894213879871
0.9980431819553994
0.9979963924520431
0.9979490530104321
0.9979011637630806
0.9978527248425024
0.9978037363812118
0.9977541985117228
0.9977041113665494
0.9976534750782056
0.9976022897792055
0.9975505556020633
0.9974982726792928
0.9974454411434083
0.9973920611269237
0.9973381327623532
0.9972836561822106
0.9972286315190101
0.9971730589058098
0.9971169384946009
0.9970602704604093
0.997003054979629
0.9969452922286541
0.9968869823838786
0.9968281256216965
0.996768722118502
0.9967087720506889
0.9966482755946514
0.9965872329267835
0.9965256442234793
0.9964635096611328
0.9964008294161381
0.9963376036648891
0.99627383258378
0.9962095163492047
0.9961446551375573
0.996079249125232
0.9960132984886227
0.9959468034041234
0.9958797640481283
0.9958121805970312
0.9957440532272265
0.9956753821151079
0.9956061674370695
0.9955364093695056
0.99546610808881
0.9953952637713768
0.9953238765950112
0.9952519467606621
0.9951794744877089
0.9951064599960159
0.995032903505447
0.9949588052358664
0.9948841654071381
0.9948089842391261
0.9947332619516946
0.9946569987647076
0.9945801948980292
0.9945028505715234
0.9944249660050545
0.9943465414184863
0.994267577031683
0.9941880730645086
0.9941080297368272
0.994027447268503
0.9939463258794
0.9938646657893822
0.9937824672183136
0.9936997303860585
0.9936164555124809
0.9935326428174448
0.9934482925208142
0.9933634048424534
0.9932779800022263
0.993192018219997
0.9931055197156297
0.9930184846380814
0.9929309131054734
0.9928428053935565
0.9927541617816199
0.9926649825489532
0.9925752679748456
0.9924850183385868
0.9923942339194661
0.992302914996773
0.992211061849797
0.9921186747578273
0.9920257540001537
0.9919322998560652
0.9918383126048517
0.9917437925258022
0.9916487398982066
0.9915531550013539
0.9914570381145338
0.9913603895170356
0.9912632094881489
0.9911654983071632
0.9910672562533677
0.9909684836060518
0.9908691806445051
0.9907693476480172
0.9906689848958772
0.9905680926673748
0.9904666712417992
0.9903647208984401
0.9902622419165867
0.9901592345755287
0.9900556991545553
0.9899516359329561
0.9898470451900204
0.9897419272050377
0.9896362822572976
0.9895301106260893
0.9894234125907023
0.9893161884304261
0.9892084384245502
0.9891001628523639
0.9889913619931566
0.988882036126218
0.9887721855308372
0.988661810486304
0.9885509112719075
0.9884394881669374
0.988327541450683
0.9882150714024338
0.9881020783014792
0.9879885624271086
0.9878745240640014
0.987759963542415
0.9876448812153348
0.9875292774359019
0.9874131525572571
0.9872965069325417
0.9871793409148963
0.9870616548574623
0.9869434491133805
0.9868247240357919
0.9867054799778375
0.9865857172926584
0.9864654363333955
0.9863446374531897
0.9862233210051822
0.9861014873425139
0.9859791368183257
0.9858562697857588
0.985732886597954
0.9856089876080525
0.9854845731691951
0.9853596436345229
0.9852341993571769
0.9851082406902981
0.9849817679870274
0.984854781600506
0.9847272818838747
0.9845992691902745
0.9844707438728466
0.9843417062847317
0.984212156779071
0.9840820957090056
0.9839515234276762
0.983820440288224
0.98368884664379
0.983556742847515
0.9834241292525403
0.9832910062120066
0.9831573740790551
0.9830232332068267
0.9828885839484625
0.9827534266571034
0.9826177616858904
0.9824815893879645
0.9823449101164667
0.9822077242245381
0.9820700320653195
0.981931833991952
0.9817931303575768
0.9816539215153346
0.9815142078183664
0.9813739896241568
0.9812332673336628
0.9810920413714982
0.9809503121623961
0.9808080801310902
0.9806653457023135
0.9805221093007995
0.9803783713512815
0.9802341322784929
0.9800893925071669
0.9799441524620369
0.9797984125678363
0.9796521732492983
0.9795054349311564
0.9793581980381438
0.9792104629949939
0.97906223022644
0.9789135001572156
0.9787642732120537
0.978614549815688
0.9784643303928516
0.9783136153682779
0.9781624051667003
0.978010700212852
0.9778585009314664
0.977705807747277
0.9775526210850168
0.9773989413694195
0.9772447690252182
0.9770901044771462
0.976934948149937
0.9767793004683238
0.9766231618570401
0.9764665327408191
0.9763094135443942
0.9761518046924986
0.975993706609866
0.9758351197212293
0.9756760444513219
0.9755164812248774
0.975356430466629
0.97519589260131
0.9750348680536538
0.9748733572483936
0.974711360610263
0.9745488785639951
0.9743859115343232
0.9742224599459809
0.9740585242237012
0.9738941047922177
0.9737292020762638
0.9735638165030881
0.9733979485376028
0.9732315986724875
0.9730647674009506
0.9728974552162002
0.9727296626114444
0.9725613900798918
0.9723926381147506
0.9722234072092288
0.9720536978565348
0.9718835105498769
0.9717128457824632
0.971541704047502
0.9713700858382016
0.9711979916477702
0.9710254219694162
0.9708523772963477
0.9706788581217728
0.9705048649389001
0.9703303982409376
0.9701554585210936
0.9699800462725764
0.9698041619885942
0.9696278061623552
0.9694509792870678
0.9692736818559402
0.9690959143621806
0.9689176772989971
0.9687389711595983
0.9685597964371921
0.968380153624987
0.9682000432161911
0.9680194657040128
0.9678384215816601
0.9676569113423414
0.9674749354792651
0.9672924944856391
0.967109588854672
0.9669262190795719
0.966742385653547
0.9665580890698056
0.9663733298215558
0.9661881084020061
0.9660024253043646
0.9658162810218396
0.9656296760476394
0.9654426108749721
0.965255085997046
0.9650671019070695
0.9648786590982505
0.9646897580637978
0.9645003992984159
0.9643105833295158
0.9641203107142862
0.9639295820107822
0.9637383977770589
0.9635467585711717
0.9633546649511755
0.9631621174751256
0.9629691167010771
0.9627756631870853
0.9625817574912051
0.9623874001714919
0.9621925917860009
0.961997332892787
0.9618016240499057
0.9616054658154117
0.9614088587473606
0.9612118034038074
0.9610143003428072
0.9608163501224153
0.9606179533006868
0.9604191104356767
0.9602198220854404
0.960020088808033
0.9598199111615096
0.9596192897039254
0.9594182249933355
0.9592167175877953
0.9590147680453596
0.9588123769240838
0.958609544782023
0.9584062721772324
0.9582025596677671
0.9579984078116822
0.9577938171670332
0.9575887882918748
0.9573833217442624
0.9571774180822512
0.9569710778638963
0.9567643016472529
0.9565570899903761
0.9563494434513211
0.9561413625881431
0.9559328479588971
0.9557239001216384
0.9555145196344222
0.9553047070553036
0.9550944629423377
0.9548837878535797
0.9546726823470849
0.9544611469809083
0.9542491823139614
0.9540367889335843
0.953823967457632
0.9536107185049701
0.9533970426944646
0.953182940644981
0.9529684129753853
0.9527534603045429
0.9525380832513198
0.9523222824345818
0.9521060584731946
0.9518894119860238
0.9516723435919354
0.951454853909795
0.9512369435584683
0.9510186131568212
0.9507998633237195
0.9505806946780287
0.9503611078386147
0.9501411034243433
0.9499206820540803
0.9496998443466912
0.949478590921042
0.9492569223959983
0.9490348393904261
0.9488123425231908
0.9485894324131584
0.9483661096791947
0.9481423749401652
0.9479182288149358
0.9476936719223722
0.9474687048813403
0.9472433283107057
0.9470175428293343
0.9467913490560916
0.9465647476098437
0.9463377391094561
0.9461103241737946
0.945882503421725
0.945654277472113
0.9454256469438244
0.945196612455725
0.9449671746266805
0.9447373340755565
0.944507091421219
0.9442764472825337
0.9440454022783663
0.9438139570275825
0.9435821121490482
0.943349868261629
0.9431172259841908
0.9428841859298875
0.9426507485890552
0.94241691457775
0.9421826845822855
0.9419480592889752
0.9417130393841323
0.9414776255540704
0.941241818485103
0.9410056188635434
0.9407690273757051
0.9405320447079015
0.9402946715464461
0.9400569085776522
0.9398187564878334
0.9395802159633031
0.9393412876903746
0.9391019723553615
0.9388622706445772
0.938622183244335
0.9383817108409485
0.9381408541207311
0.9378996137699962
0.9376579904750573
0.9374159849222277
0.9371735977978211
0.9369308297881506
0.9366876815795298
0.9364441538582722
0.9362002473106912
0.9359559626231001
0.9357113004818125
0.9354662615731418
0.9352208465834014
0.9349750561989048
0.9347288911059654
0.9344823519908965
0.9342354395400118
0.9339881544396246
0.9337404973760483
0.9334924690355962
0.9332440701045821
0.9329953012693193
0.932746163216121
0.932496656631301
0.9322467822011724
0.931996540612049
0.9317459325502437
0.9314949587020706
0.9312436197538426
0.9309919163918734
0.9307398493024763
0.9304874191719649
0.9302346266866525
0.9299814725328526
0.9297279573968786
0.929474081965044
0.9292198469236621
0.9289652529590465
0.9287103007575106
0.9284549910053678
0.9281993243889314
0.9279433015945151
0.9276869233084322
0.927430190216996
0.9271731030065202
0.9269156623633181
0.9266578689737033
0.9263997235239889
0.9261412267004886
0.9258823791895158
0.9256231816773838
0.9253636348504062
0.9251037393948963
0.924843496014838
0.9245829054788955
0.9243219685447401
0.9240606859682424
0.9237990585052733
0.9235370869117036
0.9232747719434039
0.9230121143562453
0.9227491149060985
0.9224857743488342
0.9222220934403232
0.9219580729364365
0.9216937135930447
0.9214290161660187
0.9211639814112293
0.9208986100845474
0.9206329029418436
0.9203668607389888
0.9201004842318539
0.9198337741763095
0.9195667313282265
0.9192993564434758
0.9190316502779281
0.9187636135874542
0.918495247127925
0.9182265516552112
0.9179575279251836
0.917688176693713
0.9174184987166702
0.9171484947499262
0.9168781655493516
0.9166075118708172
0.916336534470194
0.9160652341033525
0.9157936115261638
0.9155216674944985
0.9152494027642275
0.9149768180912214
0.9147039142313514
0.914430691940488
0.9141571519745021
0.9138832950892645
0.913609122040646
0.9133346335845174
0.9130598304767494
0.912784713473213
0.9125092833297789
0.9122335408023179
0.9119574866467008
0.9116811216187984
0.9114044464744816
0.9111274619696211
0.9108501688600877
0.9105725679017523
0.9102946598504856
0.9100164454621584
0.9097379254926417
0.9094591006978059
0.9091799718335222
0.9089005396556612
0.9086208049200938
0.9083407683826908
0.908060430799323
0.907779792925861
0.9074988555181759
0.9072176193321384
0.9069360851236191
0.9066542536484892
0.9063721256626192
0.90608970192188
0.9058069831821424
0.9055239701992771
0.905240663730619
0.9049570645921884
0.9046731736144176
0.9043889916121334
0.9041045194001628
0.9038197577933329
0.9035347076064706
0.903249369654403
0.902963744751957
0.9026778337139597
0.902391637355238
0.9021051564906191
0.9018183919349297
0.9015313445029971
0.9012440150096482
0.9009564042697099
0.9006685130980094
0.9003803423093736
0.9000918927186294
0.899803165140604
0.8995141603901242
0.8992248792820172
0.89893532263111
0.8986454912522294
0.8983553859602026
0.8980650075698565
0.8977743568960181
0.8974834347535146
0.8971922419571727
0.8969007793218197
0.8966090476622823
0.8963170477933877
0.8960247805299629
0.8957322466868349
0.8954394470788307
0.8951463825207773
0.8948530538275016
0.8945594618138307
0.8942656072945917
0.8939714910846114
0.893677113998717
0.8933824768517353
0.8930875804584935
0.8927924256338184
0.8924970131925373
0.892201343949477
0.8919054187194645
0.8916092383173269
0.891312803557891
0.891016115255984
0.890719174226433
0.8904219812840647
0.8901245372437063
0.8898268429201849
0.8895288991283272
0.8892307066829604
0.8889322663989115
0.8886335790910076
0.8883346455740756
0.8880354666629424
0.887736043172435
0.8874363759173807
0.8871364657126063
0.8868363133729388
0.8865359197132051
0.8862352855482324
0.8859344116928477
0.8856332989618778
0.88533194817015
0.885030360132491
0.8847285356637281
0.884426475578688
0.884124180692198
0.8838216518369705
0.8835188899033172
0.8832158957558345
0.882912670256358
0.8826092142667237
0.8823055286487671
0.8820016142643243
0.8816974719752309
0.8813931026433225
0.8810885071304352
0.8807836862984044
0.8804786410090663
0.8801733721242562
0.8798678805058102
0.879562167015564
0.8792562325153532
0.8789500778670138
0.8786437039323814
0.878337111573292
0.8780303016515811
0.8777232750290845
0.8774160325676381
0.8771085751290776
0.8768009035752388
0.8764930187679574
0.8761849215690691
0.87587661284041
0.8755680934438154
0.8752593642411214
0.8749504260941637
0.874641279864778
0.8743319264148002
0.8740223666060658
0.8737126013004108
0.873402631359671
0.873092457645682
0.8727820810202798
0.8724715023452998
0.872160722482578
0.8718497422939503
0.8715385626412522
0.8712271843863195
0.8709156083909882
0.8706038355170939
0.8702918666264723
0.8699797025809592
0.8696673442423906
0.869354792472602
0.8690420481334292
0.868729112086708
0.8684159851942742
0.8681026683179636
0.8677891623196119
0.8674754680610549
0.8671615864041283
0.866847518210668
0.8665332643425097
0.866218825661489
0.8659042030294419
0.8655893973082042
0.8652744093596115
0.8649592400454996
0.8646438902277043
0.8643283607680613
0.8640126525284064
0.8636967663705756
0.8633807031564043
0.8630644637477284
0.8627480490063838
0.8624314597942061
0.8621146969730311
0.8617977614046947
0.8614806539521234
0.8611633755283243
0.8608459270480392
0.860528309407522
0.860210523503027
0.8598925702308079
0.8595744504871188
0.8592561651682138
0.8589377151703469
0.8586191013897722
0.8583003247227435
0.857981386065515
0.8576622863143407
0.8573430263654745
0.8570236071151707
0.856704029459683
0.8563842942952657
0.8560644025181726
0.8557443550246578
0.8554241527109754
0.8551037964733793
0.8547832872081237
0.8544626258114624
0.8541418131796495
0.8538208502089392
0.8534997377955852
0.8531784768358417
0.8528570682259629
0.8525355128622024
0.8522138116408146
0.8518919654580533
0.8515699752101726
0.8512478417934267
0.8509255661040693
0.8506031490383547
0.8502805914925367
0.8499578943628694
0.8496350585456068
0.849312084937003
0.848988974433312
0.8486657279307879
0.8483423463256845
0.848018830514256
0.8476951813927563
0.8473713998574396
0.8470474868045598
0.846723443130371
0.846399269731127
0.8460749675030821
0.8457505373424901
0.8454259801456052
0.8451012968086814
0.8447764882279727
0.8444515552997329
0.8441264989202164
0.843801319985677
0.8434760193923688
0.8431505980365458
0.842825056814462
0.8424993966223713
0.8421736183565279
0.8418477229131859
0.8415217111885991
0.8411955840790216
0.8408693424807075
0.8405429872899107
0.8402165194028854
0.8398899397158854
0.839563249125165
0.8392364485269779
0.8389095388175783
0.8385825208932203
0.8382553956501577
0.8379281640005083
0.8376008269016262
0.8372733852745814
0.8369458400369367
0.8366181921062551
0.836290442400099
0.8359625918360314
0.8356346413316149
0.8353065918044124
0.8349784441719864
0.8346501993519001
0.8343218582617159
0.8339934218189967
0.8336648909413052
0.8333362665462043
0.8330075495512567
0.832678740874025
0.8323498414320722
0.832020852142961
0.831691773924254
0.8313626076935141
0.8310333543683041
0.8307040148661865
0.8303745901047245
0.8300450810014806
0.8297154884740174
0.829385813439898
0.829056056816685
0.8287262195219411
0.8283963024732293
0.8280663065881121
0.8277362327841523
0.8274060819789127
0.8270758550899562
0.8267455530348454
0.8264151767311432
0.8260847270964121
0.8257542050482151
0.8254236115041148
0.8250929473816742
0.8247622135984558
0.8244314110720226
0.8241005407199371
0.8237696034597624
0.8234386002090608
0.8231075318853954
0.822776399406329
0.8224452036894242
0.8221139456522438
0.8217826262123505
0.8214512462873073
0.8211198067946767
0.8207883086520215
0.8204567527769046
0.8201251400868886
0.8197934714995364
0.8194617479324107
0.8191299703030742
0.8187981395290898
0.8184662565280202
0.8181343222174281
0.8178023375148763
0.8174703033379276
0.8171382206041448
0.8168060902310905
0.8164739131363276
0.8161416902374188
0.8158094224519269
0.8154771106974147
0.8151447558914449
0.8148123589515802
0.8144799207953834
0.8141474423412475
0.8138149245514908
0.8134823683748956
0.8131497747369655
0.812817144563204
0.8124844787791148
0.8121517783102015
0.8118190440819678
0.8114862770199172
0.8111534780495535
0.8108206480963801
0.8104877880859007
0.8101548989436191
0.8098219815950387
0.8094890369656632
0.8091560659809964
0.8088230695665416
0.8084900486478027
0.8081570041502831
0.8078239369994866
0.8074908481209168
0.8071577384400772
0.8068246088824715
0.8064914603736034
0.8061582938389765
0.8058251102040943
0.8054919103944606
0.8051586953355788
0.8048254659529528
0.804492223172086
0.8041589679184822
0.8038257011176448
0.8034924236950777
0.8031591365762842
0.8028258406867682
0.8024925369520333
0.802159226297583
0.801825909648921
0.8014925879315509
0.8011592620709763
0.8008259329927009
0.8004926016222282
0.800159268885062
0.7998259357067057
0.7994926030126632
0.7991592717284379
0.7988259427795336
0.7984926170914537
0.798159295589702
0.797825979199782
0.7974926688471976
0.797159365457452
0.7968260699560492
0.7964927832684926
0.796159506320286
0.7958262400369328
0.7954929853439369
0.7951597431668016
0.7948265144310308
0.794493300062128
0.7941601009855969
0.793826918126941
0.793493752411664
0.7931606047652695
0.7928274761132612
0.7924943673811427
0.7921612794944175
0.7918282133785894
0.7914951699591619
0.7911621501616387
0.7908291549115234
0.7904961851343196
0.790163241755531
0.7898303257218724
0.7894974380303814
0.789164579606295
0.7888317513682117
0.7884989542347302
0.7881661891244491
0.787833456955967
0.7875007586478825
0.7871680951187942
0.7868354672873008
0.7865028760720009
0.7861703223914931
0.7858378071643759
0.7855053313092482
0.7851728957447083
0.7848405013893549
0.7845081491617868
0.7841758399806026
0.7838435747644007
0.7835113544317798
0.7831791799013386
0.7828470520916756
0.7825149719213895
0.7821829403090791
0.7818509581733426
0.7815190264327789
0.7811871460059866
0.7808553178115643
0.7805235427681105
0.780191821794224
0.7798601558085033
0.779528545729547
0.7791969924759539
0.7788654969663223
0.7785340601192511
0.7782026828533388
0.777871366087184
0.7775401107393854
0.7772089177285416
0.7768777879732511
0.7765467223921128
0.7762157219037249
0.7758847874266863
0.7755539198795955
0.7752231201810513
0.7748923892496522
0.7745617280039967
0.7742311373626837
0.7739006182443114
0.7735701715674789
0.7732397982507845
0.7729094992128268
0.7725792753722047
0.7722491276475165
0.7719190569573611
0.7715890642203368
0.7712591503550424
0.7709293162800767
0.770599562914038
0.770269891175525
0.7699403019831363
0.7696107962554707
0.7692813749111267
0.7689520388687029
0.7686227890467979
0.7682936263640103
0.767964551738939
0.7676355660901821
0.7673066703363386
0.7669778653960071
0.7666491521877861
0.7663205316302742
0.7659920046420701
0.7656635721417724
0.7653352350479796
0.7650069942792906
0.7646788507543038
0.7643508053916178
0.7640228591098314
0.7636950128275429
0.7633672674633513
0.763039623935855
0.7627120831636526
0.7623846460653427
0.7620573135595241
0.7617300865648283
0.7614029660536406
0.7610759529762076
0.7607490482258955
0.7604222526960704
0.7600955672800983
0.7597689928713454
0.7594425303631777
0.7591161806489611
0.7587899446220621
0.7584638231758464
0.7581378172036802
0.7578119275989298
0.757486155254961
0.75716050106514
0.7568349659228328
0.7565095507214056
0.7561842563542244
0.7558590837146554
0.7555340336960644
0.7552091071918179
0.7548843050952816
0.7545596282998218
0.7542350776988045
0.7539106541855958
0.7535863586535618
0.7532621919960686
0.7529381551064821
0.7526142488781686
0.7522904742044942
0.7519668319788249
0.7516433230945267
0.7513199484449659
0.7509967089235082
0.7506736054235201
0.7503506388383674
0.7500278100614164
0.7497051199860331
0.7493825695055834
0.7490601595134336
0.7487378909029497
0.7484157645674978
0.7480937814004441
0.7477719422951544
0.747450248144995
0.747128699843332
0.7468072982835313
0.7464860443589593
0.7461649389629816
0.7458439829889647
0.7455231773302745
0.7452025228802772
0.7448820205323388
0.7445616711798253
0.7442414757161029
0.7439214350345377
0.7436015500284957
0.7432818215913429
0.7429622506164456
0.7426428379971699
0.7423235846268816
0.742004491398947
0.7416855592067321
0.741366788943603
0.7410481815029258
0.7407297377780666
0.7404114586623914
0.7400933450492665
0.7397753978320577
0.7394576179041311
0.7391400061588531
0.7388225634895894
0.7385052907897063
0.7381881889525699
0.737871258871546
0.7375545014400011
0.7372379175513011
0.736921508098812
0.7366052739758998
0.7362892160759309
0.735973335292271
0.7356576325182866
0.7353421086473435
0.7350267645728079
0.7347116011880458
0.7343966193864233
0.7340818200696002
0.7337672041916037
0.7334527726228564
0.7331385262133143
0.7328244658129339
0.7325105922716715
0.7321969064394832
0.7318834091663254
0.7315701013021542
0.7312569836969259
0.7309440572005969
0.7306313226631233
0.7303187809344615
0.7300064328645676
0.7296942793033978
0.7293823211009086
0.7290705591070561
0.7287589941717967
0.7284476271450864
0.7281364588768817
0.7278254902171387
0.7275147220158138
0.7272041551228632
0.726893790388243
0.7265836286619097
0.7262736707938194
0.7259639176339284
0.725654370032193
0.7253450288385694
0.725035894903014
0.7247269690754828
0.7244182522059323
0.7241097451443186
0.7238014487405979
0.7234933638447267
0.7231854913066611
0.7228778319763574
0.7225703867037717
0.7222631563388605
0.72195614173158
0.7216493437318863
0.7213427631897358
0.7210364009550847
0.7207302578778894
0.7204243348081059
0.7201186325956906
0.7198131520905998
0.7195078941427897
0.7192028596022165
0.7188980493188366
0.7185934641426062
0.7182891049234814
0.7179849725114187
0.7176810677563743
0.7173773915083044
0.7170739446171651
0.716770727932913
0.716467742305504
0.7161649885848946
0.7158624676210411
0.7155601802638996
0.7152581273634264
0.7149563097695778
0.7146547283323099
0.7143533839015791
0.7140522773273417
0.7137514094595538
0.7134507811481718
0.713150393243152
0.7128502465944505
0.7125503420520236
0.7122506804658276
0.7119512626858187
0.7116520895619532
0.7113531619441874
0.7110544806824775
0.7107560466267797
0.7104578606270503
0.7101599235332456
0.7098622361953218
0.7095647994632353
0.7092676141869422
0.7089706812163987
0.7086740014015613
0.7083775755923861
0.7080814046388294
0.7077854894170927
0.7074898308017491
0.7071944295844964
0.7068992865546112
0.7066044025013705
0.7063097782140508
0.7060154144819292
0.7057213120942822
0.7054274718403868
0.7051338945095196
0.7048405808909575
0.7045475317739772
0.7042547479478556
0.7039622302018693
0.7036699793252952
0.70337799610741
0.7030862813374907
0.7027948358048138
0.7025036602986563
0.7022127556082948
0.7019221225230061
0.7016317618320671
0.7013416743247546
0.7010518607903451
0.7007623220181157
0.7004730587973429
0.7001840719173038
0.6998953621672749
0.6996069303365332
0.6993187772143553
0.6990309035900181
0.6987433102527983
0.6984559979919727
0.6981689675968181
0.6978822198566113
0.6975957555606289
0.697309575498148
0.6970236804584451
0.6967380712307971
0.6964527486044807
0.6961677133687729
0.6958829663129503
0.6955985082262895
0.6953143398980678
0.6950304621175614
0.6947468756740475
0.6944635813568026
0.6941805799551037
0.6938978722582274
0.6936154590554506
0.69333334113605
0.6930515192893025
0.6927699943044848
0.6924887669708737
0.6922078380777458
0.6919272084143782
0.6916468787700474
0.6913668499340303
0.6910871226956038
0.6908076978440444
0.6905285761686291
0.6902497584586346
0.6899712455033377
0.6896930380920152
0.6894151370139437
0.6891375430584004
0.6888602570146616
0.6885832796720044
0.6883066118197054
0.6880302542470416
0.6877542077432894
0.6874784730977259
0.6872030510996279
0.6869279425382719
0.686653148202935
0.6863786688828938
0.686104505367425
0.6858306584458055
0.6855571289073121
0.6852839175412215
0.6850110251368107
0.6847384524833561
0.6844662003701348
0.6841942695864234
0.6839226609214988
0.6836513751658575
0.683380413147828
0.683109775619581
0.6828394632936636
0.6825694768826234
0.6822998170990071
0.6820304846553623
0.6817614802642361
0.6814928046381757
0.6812244584897285
0.6809564425314415
0.680688757475862
0.6804214040355373
0.6801543829230146
0.679887694850841
0.6796213405315639
0.6793553206777304
0.6790896360018877
0.6788242872165832
0.6785592750343641
0.6782946001677773
0.6780302633293704
0.6777662652316906
0.6775026065872849
0.6772392881087008
0.6769763105084852
0.6767136744991856
0.6764513807933491
0.676189430103523
0.6759278231422543
0.6756665606220906
0.6754056432555788
0.6751450717552664
0.6748848468337004
0.6746249692034281
0.6743654395769967
0.6741062586669535
0.6738474271858457
0.6735889458462204
0.673330815360625
0.6730730364416068
0.6728156098017127
0.6725585361534901
0.6723018162094864
0.6720454506822485
0.6717894402843239
0.6715337857282595
0.6712784877266029
0.6710235469919013
0.6707689642367015
0.6705147401735513
0.6702608755149974
0.6700073709735874
0.6697542272618684
0.6695014450923875
0.6692490251776921
0.6689969682303294
0.6687452749628465
0.6684939460877908
0.6682429823177094
0.6679923843651496
0.6677421529426586
0.6674922887627837
0.6672427925380718
0.6669936649810706
0.6667449068043271
0.6664965187203883
0.6662485014418018
0.6660008556811147
0.6657535821508741
0.6655066815636275
0.6652601546319217
0.6650140020683043
0.6647682245853224
0.6645228228955232
0.664277797711454
0.664033149745662
0.6637888797106943
0.6635449883190984
0.6633014762834212
0.66305834431621
0.6628155931300123
0.6625732234373751
0.6623312359508455
0.6620896313829711
0.6618484104462987
0.6616075738632303
0.661367122359256
0.6611270565656092
0.660887377103626
0.6606480845946419
0.6604091796599928
0.6601706629210145
0.6599325349990428
0.6596947965154135
0.6594574480914623
0.6592204903485253
0.6589839239079378
0.658747749391036
0.6585119674191555
0.6582765786136322
0.6580415835958018
0.657806982987
0.6575727774085629
0.657338967481826
0.6571055538281253
0.6568725370687964
0.6566399178251752
0.6564076967185976
0.6561758743703991
0.6559444514019158
0.6557134284344833
0.6554828060894375
0.6552525849881141
0.655022765751849
0.6547933490019779
0.6545643353598367
0.654335725446761
0.6541075198840868
0.6538797192931497
0.6536523242952857
0.6534253355118305
0.6531987535641198
0.6529725790734895
0.6527468126612753
0.6525214549488132
0.6522965065574388
0.652071968108488
0.6518478402232964
0.6516241235232001
0.6514008186295347
0.6511779261636359
0.6509554467468397
0.6507333810004817
0.650511729545898
0.650290493004424
0.6500696719973957
0.649849267146149
0.6496292790720194
0.649409708396343
0.6491905557404555
0.6489718217256925
0.64875350697339
0.6485356121048838
0.6483181377415095
0.6481010845046031
0.6478844530155002
0.6476682438955369
0.6474524577660487
0.6472370952483714
0.6470221569638409
0.646807643533793
0.6465935555795637
0.6463798937224883
0.6461666585839029
0.6459538507851432
0.6457414709475452
0.6455295196924444
0.6453179976411767
0.645106905415078
0.644896243635484
0.6446860129237305
0.6444762139011533
0.6442668471890881
0.644057913408871
0.6438494131818373
0.6436413471293233
0.6434337158726644
0.6432265200331967
0.6430197602322557
0.6428134370911774
0.6426075512312975
0.6424021032905598
0.6421970938479316
0.6419925234210984
0.6417883925275523
0.6415847016847853
0.6413814514102893
0.6411786422215564
0.6409762746360785
0.6407743491713478
0.6405728663448561
0.6403718266740953
0.6401712306765577
0.639971078869735
0.6397713717711195
0.6395721098982029
0.6393732937684774
0.6391749238994349
0.6389770008085672
0.6387795250133668
0.6385824970313252
0.6383859173799347
0.6381897865766871
0.6379941051390745
0.637798873584589
0.6376040924307224
0.6374097621949667
0.637215883394814
0.6370224565477564
0.6368294821712855
0.6366369607828938
0.6364448929000729
0.6362532790403149
0.6360621197211119
0.635871415459956
0.6356811667743387
0.6354913741817525
0.6353020381996892
0.6351131593456408
0.6349247381370994
0.6347367750915568
0.6345492707265051
0.6343622255594362
0.6341756401078423
0.6339895148892154
0.6338038504210471
0.63361864722083
0.6334339058060554
0.6332496266942159
0.6330658104028033
0.6328824574493094
0.6326995683512264
0.6325171436260462
0.632335183791261
0.6321536893643624
0.6319726608628428
0.631792098804194
0.6316120037059079
0.6314323760854768
0.6312532164603923
0.6310745253481467
0.6308963032662319
0.6307185507321399
0.6305412682633628
0.6303644563773922
0.6301881155917206
0.6300122464238398
0.6298368493912416
0.6296619250114184
0.6294874738018618
0.6293134962800639
0.6291399929635169
0.6289669643697124
0.6287944110161429
0.6286223334203
0.628450732099676
0.6282796075717625
0.6281089603540518
0.6279387909640358
0.6277690999192066
0.6275998877370561
0.6274311549350762
0.6272629020307591
0.6270951295415965
0.6269278379850808
0.6267610278787037
0.6265946997509889
0.6264288542510295
0.6262634918410858
0.6260986129180348
0.6259342178787537
0.6257703071201194
0.6256068810390087
0.6254439400322989
0.6252814844968667
0.6251195148295892
0.6249580314273433
0.6247970346870062
0.6246365250054546
0.6244765027795658
0.6243169684062164
0.6241579222822837
0.6239993648046447
0.623841296370176
0.6236837173757551
0.6235266282182585
0.6233700292945635
0.623213921001547
0.623058303736086
0.6229031778950574
0.6227485438753383
0.6225944020738056
0.6224407528873362
0.6222875967128073
0.6221349339470957
0.6219827649870785
0.6218310902296327
0.621679910071635
0.6215292249099629
0.6213790351414928
0.6212293411631021
0.6210801433716677
0.6209314421640665
0.6207832379371755
0.6206355310878717
0.6204883220130321
0.6203416111095337
0.6201953987742533
0.6200496854040682
0.6199044713958551
0.6197597571464912
0.6196155430528534
0.6194718295118186
0.6193286169202639
0.619185905675066
0.6190436961731024
0.6189019888112497
0.6187607839863849
0.6186200820953852
0.6184798835351274
0.6183401887024885
0.6182009979943455
0.6180623118075754
0.6179241305390553
0.6177864545856618
0.6176492843442724
0.6175126202117637
0.6173764625850129
0.6172408118608969
0.6171056684362926
0.616971032708077
0.6168369050731272
0.6167032859283201
0.6165701756705328
0.6164375746966422
0.6163054834035252
0.6161739021880588
0.6160428314471201
0.6159122715775861
0.6157822229763337
0.6156526860402398
0.6155236611661815
0.6153951487510358
0.6152671491916796
0.6151396628849899
0.6150126902278438
0.6148862316171181
0.6147602874496899
0.6146348581224361
0.6145099440322339
0.61438554557596
0.6142616631504915
0.6141382971527054
0.6140154479794787
0.6138931160276883
0.6137713016942112
0.6136500053759245
0.6135292274697052
0.61340896837243
0.6132892284809761
0.6131700081922206
0.6130513079077121
0.6129331279681567
0.6128154686365759
0.6126983301737796
0.6125817128405778
0.6124656168977803
0.612350042606197
0.612234990226638
0.6121204600199128
0.6120064522468318
0.6118929671682045
0.6117800050448411
0.6116675661375514
0.6115556507071451
0.6114442590144324
0.6113333913202231
0.611223047885327
0.6111132289705542
0.6110039348367146
0.6108951657446179
0.6107869219550741
0.6106792037288932
0.6105720113268849
0.6104653450098594
0.6103592050386263
0.6102535916739957
0.6101485051767775
0.6100439458077815
0.6099399138278178
0.609836409497696
0.6097334330782263
0.6096309848302184
0.6095290650144823
0.609427673891828
0.6093268117230651
0.6092264787690038
0.609126675290454
0.6090274015482254
0.608928657803128
0.6088304443159718
0.6087327613475666
0.6086356091587224
0.608538988010249
0.6084428981629563
0.6083473398776543
0.6082523134151528
0.6081578190362619
0.6080638570017913
0.6079704275725509
0.6078775310093508
0.6077851675730007
0.6076933375243107
0.6076020411240906
0.6075112786331501
0.6074210503122995
0.6073313564223485
0.607242197224107
0.6071535729783848
0.6070654839459921
0.6069779303877386
0.6068909125644342
0.6068044307368888
0.6067184851659124
0.606633076112315
0.6065482038369062
0.6064638686004962
0.6063800706638947
0.6062968102879116
0.6062140877333569
0.6061319032610406
0.6060502571317725
0.6059691496063624
0.6058885809456204
0.6058085514103563
0.6057290612613799
0.6056501107595014
0.6055717001655305
0.6054938297402771
0.6054164997445511
0.6053397104391626
0.6052634620849212
0.605187754942637
0.6051125892731198
0.6050379653371797
0.6049638833956265
0.60489034370927
0.60481734653892
0.6047448921453868
0.6046729807894802
0.6046016127320099
0.6045307882337858
0.6044605075556181
0.6043907709583164
0.6043215787026908
0.6042529310497866
0.6041848282399526
0.6041172704145444
0.6040502576917675
0.603983790189827
0.6039178680269282
0.6038524913212764
0.6037876601910768
0.6037233747545346
0.6036596351298553
0.6035964414352439
0.6035337937889059
0.6034716923090465
0.6034101371138708
0.6033491283215842
0.6032886660503919
0.6032287504184992
0.6031693815441115
0.6031105595454337
0.6030522845406714
0.6029945566480298
0.6029373759857141
0.6028807426719295
0.6028246568248813
0.6027691185627748
0.6027141280038154
0.6026596852662082
0.6026057904681583
0.6025524437278713
0.6024996451635523
0.6024473948934066
0.6023956930356393
0.6023445397084559
0.6022939350300616
0.6022438791186616
0.6021943720924612
0.6021454140696655
0.6020970051684801
0.60204914550711
0.6020018352037605
0.6019550743766369
0.6019088631439445
0.6018632016238885
0.6018180899346742
0.6017735281945069
0.6017295165215918
0.6016860550341341
0.6016431438503391
0.6016007830884122
0.6015589728665586
0.6015177133029834
0.601477004515892
0.6014368466234897
0.6013972397439817
0.6013581839955734
0.6013196794964698
0.6012817263648763
0.6012443247189981
0.6012074746770407
0.6011711763572091
0.6011354298777086
0.6011002353567446
0.6010655929125223
0.6010315026632468
0.6009979647271235
0.6009649792223578
0.6009325462671548
0.6009006659797197
0.600869338478258
0.6008385638809747
0.6008083423060752
0.6007786738717646
0.6007495586962485
0.6007209968977318
0.6006929885944201
0.6006655339045184
0.6006386329462321
0.6006122858377664
0.6005864926973266
0.6005612536431179
0.6005365687933455
0.6005124382662148
0.6004888621799311
0.6004658406526996
0.6004433738027255
0.6004214617482142
0.6004001046073708
0.6003793024984007
0.6003590555395091
0.6003393638489012
0.6003202275447823
0.6003016467453578
0.6002836215688327
0.6002661521334126
0.6002492385573025
0.6002328809545544
0.6002170793643775
0.6002018337615129
0.600187144118621
0.6001730104083618
0.6001594326033958
0.6001464106763833
0.6001339445999847
0.6001220343468603
0.6001106798896703
0.6000998812010752
0.6000896382537351
0.6000799510203105
0.6000708194734617
0.600062243585849
0.6000542233301328
0.6000467586789733
0.6000398496050309
0.6000334960809658
0.6000276980794385
0.6000224555731092
0.6000177685346383
0.600013636936686
0.6000100607519128
0.6000070399529789
0.6000045745125446
0.6000026644032704
0.6000013095978165
0.6000005100688431
0.6000002657890108
0.6000005767309796
0.6000014428674101
0.6000028641709625
0.6000048406142972
0.6000073721700744
0.6000104588109545
0.6000141005095978
0.6000182972386646
0.6000230489708154
0.6000283556787102
0.6000342173350096
0.6000406339123738
0.6000476053834631
0.6000551317209379
0.6000632128974586
0.6000718488856853
0.6000810396582785
0.6000907851878985
0.6001010854472055
0.60011194040886
0.6001233500455222
0.6001353143298523
0.600147833234511
0.6001609067321583
0.6001745347954547
0.6001887173970604
0.6002034545096357
0.6002187461058411
0.6002345921583367
0.6002509926397831
0.6002679475228404
0.600285456780169
0.6003035203844291
0.6003221383082813
0.6003413105243857
0.6003610370054027
0.6003813177239925
0.6004021526528156
0.6004235417645323
0.6004454850318027
0.6004679824272875
0.6004910339236467
0.6005146394935408
0.60053879910963
0.6005635127445748
0.6005887803710352
0.6006146019616719
0.6006409774891451
0.600667906926115
0.600695390245242
0.6007234274191865
0.6007520184206087
0.6007811632221689
0.6008108617965277
0.600841114116345
0.6008719201542814
0.6009032798829972
0.6009351932751527
0.6009676603034082
0.601000680940424
0.6010342551588606
0.601068382931378
0.6011030642306368
0.6011382990292972
0.6011740873000178
0.6012104289815114
0.6012473239164104
0.6012847719325122
0.6013227728576144
0.6013613265195143
0.6014004327460096
0.6014400913648978
0.6014803022039764
0.601521065091043
0.6015623798538948
0.6016042463203297
0.601646664318145
0.6016896336751381
0.6017331542191067
0.6017772257778483
0.6018218481791604
0.6018670212508405
0.601912744820686
0.6019590187164946
0.6020058427660637
0.6020532167971908
0.6021011406376735
0.6021496141153092
0.6021986370578956
0.60224820929323
0.6022983306491099
0.602349000953333
0.6024002200336966
0.6024519877179985
0.602504303834036
0.6025571682096066
0.6026105806725078
0.6026645410505374
0.6027190491714924
0.6027741048631707
0.6028297079533699
0.602885858269887
0.6029425556405201
0.6029997998930663
0.6030575908553233
0.6031159283550885
0.6031748122201596
0.6032342422783339
0.603294218357409
0.6033547402851825
0.6034158078894518
0.6034774209980144
0.6035395794386679
0.6036022830392096
0.6036655316274373
0.6037293250311484
0.6037936630781403
0.6038585455962107
0.603923972413157
0.6039899433567767
0.6040564582548673
0.6041235169352265
0.6041911192256515
0.6042592649539401
0.6043279539478896
0.6043971860352977
0.6044669610439617
0.6045372788016793
0.6046081391362479
0.604679541875465
0.6047514868471282
0.604823973879035
0.6048970027989828
0.6049705734347693
0.6050446856141919
0.605119339165048
0.6051945339151353
0.6052702696922513
0.6053465463241934
0.605423363638759
0.605500721463746
0.6055786196269516
0.6056570579561734
0.6057360362792089
0.6058155544238556
0.6058956122179111
0.6059762094891727
0.6060573460654383
0.606139021774505
0.6062212364441705
0.6063039899022322
0.6063872819764878
0.6064711124947347
0.6065554812847704
0.6066403881743926
0.6067258329913985
0.6068118155635858
0.6068983357187518
0.6069853932846944
0.6070729880834125
0.6071611198494471
0.6072497882679893
0.6073389930262612
0.6074287338114849
0.6075190103108827
0.6076098222116767
0.6077011692010891
0.6077930509663418
0.6078854671946573
0.6079784175732575
0.6080719017893648
0.6081659195302012
0.6082604704829887
0.6083555543349497
0.6084511707733061
0.6085473194852804
0.6086440001580945
0.6087412124789705
0.6088389561351308
0.6089372308137974
0.6090360362021924
0.609135371987538
0.6092352378570565
0.6093356334979697
0.6094365585975001
0.6095380128428697
0.6096399959213007
0.6097425075200152
0.6098455473262354
0.6099491150271834
0.6100532103100814
0.6101578328621515
0.6102629823706159
0.6103686585226968
0.6104748610056162
0.6105815895065964
0.6106888437128595
0.6107966233116275
0.6109049279901229
0.6110137574355675
0.6111231113351836
0.6112329893761934
0.611343391245819
0.6114543166312825
0.6115657652198062
0.611677736698612
0.6117902307549223
0.6119032470759592
0.6120167853489448
0.6121308452611012
0.6122454264996506
0.6123605287518152
0.6124761517048172
0.6125922950458785
0.6127089584622216
0.6128261416410683
0.6129438442696411
0.6130620660351619
0.6131808066248529
0.6133000657259362
0.6134198430256341
0.6135401382111687
0.6136609509697621
0.6137822809886366
0.6139041279550141
0.614026491556117
0.6141493714791673
0.6142727674113871
0.6143966790399987
0.6145211060522242
0.6146460481352858
0.6147715049764055
0.6148974762628057
0.6150239616817083
0.6151509609203355
0.6152784736659096
0.6154064996056526
0.6155350384267867
0.6156640898165341
0.6157936534621169
0.6159237290507573
0.6160543162696773
0.6161854148060993
0.6163170243472452
0.6164491445803374
0.6165817751925978
0.6167149158712487
0.6168485663035123
0.6169827261766107
0.6171173951777659
0.6172525729942002
0.6173882593131358
0.6175244538217948
0.6176611562073991
0.6177983661199308
0.6179360831084454
0.6180743067268498
0.6182130365295379
0.618352272070903
0.6184920129053392
0.61863225858724
0.6187730086709993
0.6189142627110106
0.6190560202616676
0.6191982808773643
0.6193410441124941
0.619484309521451
0.6196280766586285
0.6197723450784203
0.6199171143352203
0.6200623839834221
0.6202081535774193
0.6203544226716059
0.6205011908203752
0.6206484575781215
0.6207962224992379
0.6209444851381186
0.621093245049157
0.6212425017867469
0.621392254905282
0.6215425039591561
0.621693248502763
0.6218444880904961
0.6219962222767493
0.6221484506159163
0.6223011726623909
0.6224543879705667
0.6226080960948375
0.6227622965895968
0.6229169890092386
0.6230721729081564
0.6232278478407441
0.6233840133613954
0.6235406690245038
0.6236978143844631
0.6238554489956671
0.6240135724125095
0.624172184189384
0.6243312838806844
0.6244908710408041
0.6246509452241372
0.6248115059850772
0.6249725528780178
0.6251340854573528
0.625296103277476
0.6254586058927809
0.6256215928576613
0.6257850637265109
0.6259490180537235
0.6261134553936928
0.6262783753008124
0.6264437773294761
0.6266096610340777
0.6267760259690107
0.6269428716886689
0.6271101977474461
0.627278003699736
0.6274462890999323
0.6276150535024285
0.6277842964616187
0.6279540175318963
0.6281242162676551
0.6282948922232889
0.6284660449531915
0.6286376740117563
0.6288097789533772
0.6289823593324478
0.6291554147033621
0.6293289446205136
0.629502948638296
0.629677426311103
0.6298523771933284
0.6300278008393659
0.6302036968036092
0.630380064640452
0.6305569039042881
0.630734214149511
0.6309119949305148
0.6310902458016927
0.6312689663174388
0.6314481560321467
0.6316278145002101
0.6318079412760227
0.6319885359139783
0.6321695979684705
0.6323511269938931
0.6325331225446398
0.6327155841751042
0.6328985114357015
0.6330819037814347
0.6332657606319483
0.6334500814198603
0.6336348655777886
0.6338201125383514
0.6340058217341665
0.634191992597852
0.6343786245620259
0.6345657170593061
0.6347532695223107
0.6349412813836577
0.6351297520759649
0.6353186810318505
0.6355080676839324
0.6356979114648287
0.6358882118071573
0.636078968143536
0.6362701799065833
0.6364618465289167
0.6366539674431545
0.6368465420819145
0.6370395698778147
0.6372330502634734
0.6374269826715082
0.6376213665345373
0.6378162012851786
0.6380114863560502
0.6382072211797699
0.638403405188956
0.6386000378162262
0.6387971184941986
0.6389946466554913
0.6391926217327222
0.6393910431585091
0.6395899103654704
0.6397892227862239
0.6399889798533874
0.6401891809995791
0.6403898256574171
0.6405909132595191
0.6407924432385033
0.6409944150269876
0.64119682805759
0.6413996817629287
0.6416029755756214
0.6418067089282862
0.6420108812535411
0.6422154919840041
0.6424205405522933
0.6426260263910264
0.6428319489328217
0.643038307610297
0.6432451018560704
0.6434523311027599
0.6436599947829834
0.6438680923293589
0.6440766231745045
0.6442855867510381
0.6444949824915778
0.6447048098287415
0.6449150681951471
0.6451257570234128
0.6453368757461564
0.6455484237959961
0.6457604006055497
0.6459728056074354
0.6461856382342709
0.6463988979186744
0.6466125840932639
0.6468266961906574
0.6470412336434729
0.6472561958843281
0.6474715823458415
0.6476873924606306
0.6479036256613137
0.6481202813805087
0.6483373590508336
0.6485548581049064
0.648772777975345
0.6489911180947676
0.6492098778957921
0.6494290568110364
0.6496486542731186
0.6498686697146565
0.6500891025682685
0.6503099522665722
0.6505312182421856
0.6507528999277271
0.6509749967558143
0.6511975081590653
0.6514204335700982
0.6516437724215307
0.6518675241459811
0.6520916881760673
0.6523162639931595
0.6525412511043627
0.6527666488343621
0.6529924564989191
0.6532186734137955
0.6534452988947527
0.6536723322575522
0.6538997728179556
0.6541276198917245
0.6543558727946205
0.6545845308424051
0.6548135933508397
0.6550430596356862
0.6552729290127058
0.6555032007976603
0.6557338743063112
0.65596494885442
0.6561964237577483
0.6564282983320577
0.6566605718931098
0.6568932437566659
0.6571263132384878
0.6573597796543371
0.6575936423199751
0.6578279005511636
0.6580625536636641
0.658297600973238
0.658533041795647
0.6587688754466526
0.6590051012420166
0.6592417184975001
0.6594787265288651
0.6597161246518729
0.6599539121822852
0.6601920884358634
0.6604306527283691
0.6606696043755641
0.6609089426932095
0.6611486669970673
0.6613887766028989
0.6616292708264657
0.6618701489835295
0.6621114103898517
0.6623530543611938
0.6625950802133177
0.6628374872619845
0.6630802748229562
0.663323442211994
0.6635669887448596
0.6638109137373147
0.6640552165051206
0.664299896364039
0.6645449526298314
0.6647903846182593
0.6650361916450845
0.6652823730260683
0.6655289280769725
0.6657758561135584
0.6660231564515878
0.6662708284068221
0.6665188712950227
0.6667672844319515
0.6670160671333699
0.6672652187150396
0.6675147384927219
0.6677646257821785
0.668014879899171
0.6682655001594607
0.6685164858788096
0.6687678363729789
0.6690195509577304
0.6692716289488253
0.6695240696620256
0.6697768724130925
0.6700300365177878
0.6702835612918729
0.6705374460511097
0.670791690111259
0.6710462927880831
0.6713012533973435
0.6715565712548012
0.6718122456762183
0.6720682759773562
0.6723246614739762
0.6725814014818403
0.6728384953167098
0.6730959422943463
0.6733537417305113
0.6736118929409666
0.6738703952414734
0.6741292479477935
0.6743884503756884
0.6746480018409197
0.6749079016592489
0.6751681491464374
0.675428743618247
0.6756896843904393
0.6759509707787756
0.6762126020990177
0.6764745776669271
0.6767368967982651
0.6769995588087937
0.6772625630142741
0.6775259087304681
0.6777895952731371
0.6780536219580426
0.6783179881009465
0.6785826930176099
0.6788477360237947
0.6791131164352623
0.6793788335677743
0.6796448867370922
0.6799112752500966
0.6801779982468897
0.6804450548959785
0.6807124444091162
0.6809801659980557
0.6812482188745502
0.6815166022503525
0.6817853153372161
0.6820543573468939
0.6823237274911388
0.6825934249817043
0.682863449030343
0.6831337988488082
0.6834044736488532
0.6836754726422308
0.6839467950406941
0.6842184400559962
0.6844904068998903
0.6847626947841294
0.6850353029204664
0.6853082305206548
0.6855814767964474
0.6858550409595974
0.6861289222218575
0.6864031197949814
0.6866776328907218
0.6869524607208316
0.6872276024970644
0.687503057431173
0.6877788247349104
0.6880549036200299
0.6883312932982844
0.6886079929814269
0.6888850018812107
0.6891623192093889
0.6894399441777145
0.6897178759979403
0.6899961138818199
0.6902746570411061
0.6905535046875519
0.6908326560329106
0.6911121102889352
0.6913918666673786
0.691671924379994
0.6919522826385347
0.6922329406547536
0.6925138976404036
0.692795152807238
0.69307670536701
0.6933585545314725
0.6936406995123784
0.6939231395214812
0.6942058737705337
0.6944889014712889
0.6947722218355002
0.6950558340749206
0.695339737401303
0.6956239310264004
0.6959084141619662
0.6961931860197534
0.6964782458115149
0.6967635927490039
0.6970492260439737
0.6973351449081768
0.6976213485533669
0.6979078361912968
0.6981946070337196
0.6984816602923882
0.6987689951790561
0.6990566109054761
0.6993445066834012
0.6996326817245848
0.6999211352407798
0.7002098664437392
0.7004988745452161
0.7007881587569637
0.7010777182907351
0.7013675523582831
0.7016576601713611
0.701948040941722
0.7022386938811191
0.7025296182013051
0.7028208131140335
0.7031122778310572
0.7034040115641291
0.7036960135250026
0.7039882829254306
0.7042808189771661
0.7045736208919624
0.7048666878815726
0.7051600191577495
0.7054536139322464
0.7057474714168163
0.7060415908232123
0.7063359713631874
0.7066306122484949
0.7069255126908878
0.707220671902119
0.7075160890939417
0.707811763478109
0.7081076942663741
0.7084038806704898
0.7087003219022094
0.708997017173286
0.7092939656954724
0.709591166680522
0.7098886193401879
0.710186322886223
0.7104842765303802
0.710782479484413
0.7110809309600742
0.7113796301691169
0.7116785763232943
0.7119777685434608
0.7122772058474248
0.7125768873685691
0.7128768122422438
0.7131769796037988
0.713477388588584
0.7137780383319495
0.7140789279692452
0.714380056635821
0.714681423467027
0.7149830275982132
0.7152848681647295
0.7155869443019255
0.7158892551451518
0.716191799829758
0.716494577491094
0.71679758726451
0.717100828285356
0.7174042996889818
0.7177080006107371
0.7180119301859724
0.7183160875500375
0.7186204718382821
0.7189250821860566
0.7192299177287106
0.719534977601594
0.7198402609400573
0.72014576687945
0.7204514945551221
0.7207574431024237
0.7210636116567049
0.7213699993533152
0.721676605327605
0.7219834287149242
0.7222904686506226
0.7225977242700503
0.7229051947085571
0.7232128791014932
0.7235207765842085
0.7238288862920528
0.7241372073603762
0.7244457389245288
0.7247544801198604
0.7250634300817208
0.7253725879454603
0.7256819528464287
0.7259915239199759
0.726301300301452
0.726611281126207
0.7269214655295906
0.7272318526469531
0.7275424416136442
0.7278532315650141
0.7281642216364126
0.7284754109631897
0.7287867986806954
0.7290983839242795
0.7294101658292923
0.7297221435310836
0.7300343161650034
0.7303466828664013
0.7306592427706278
0.7309719950130326
0.7312849387289656
0.731598073053777
0.7319113971228166
0.7322249100714343
0.7325386110349804
0.7328524991488046
0.7331665735482569
0.7334808333686871
0.7337952777454454
0.7341099058138818
0.734424716709346
0.7347397095671883
0.7350548835227585
0.7353702377114065
0.7356857712684822
0.736001483329336
0.7363173730293174
0.7366334395037765
0.7369496818880633
0.737266099317528
0.7375826909275199
0.7378994558533897
0.738216393230487
0.7385335021941619
0.7388507818797642
0.739168231422644
0.7394858499581513
0.7398036366216357
0.7401215905484477
0.740439710873937
0.7407579967334537
0.7410764472623473
0.7413950615959685
0.7417138388696668
0.7420327782187921
0.7423518787786947
0.7426711396847243
0.7429905600722309
0.7433101390765646
0.7436298758330754
0.743949769477113
0.7442698191440275
0.744590023969169
0.7449103830878873
0.7452308956355322
0.7455515607474542
0.7458723775590028
0.7461933452055283
0.7465144628223802
0.7468357295215444
0.7471571442409436
0.7474787060338349
0.747800413989426
0.7481222671969242
0.7484442647455372
0.7487664057244718
0.7490886892229363
0.7494111143301377
0.7497336801352834
0.7500563857275812
0.7503792301962383
0.7507022126304621
0.7510253321194603
0.7513485877524404
0.7516719786186096
0.7519955038071753
0.7523191624073454
0.752642953508327
0.7529668761993276
0.7532909295695548
0.753615112708216
0.7539394247045187
0.7542638646476701
0.754588431626878
0.7549131247313499
0.7552379430502928
0.7555628856729146
0.7558879516884227
0.7562131401860243
0.7565384502549272
0.7568638809843387
0.7571894314634662
0.7575151007815171
0.7578408880276992
0.7581667922912197
0.758492812661286
0.7588189482271058
0.7591451980778865
0.7594715613028354
0.75979803699116
0.760124624232068
0.7604513221147665
0.7607781297284631
0.7611050461623655
0.761432070505681
0.7617592018476168
0.7620864392773807
0.7624137818841802
0.7627412287572225
0.7630687789857151
0.7633964316588656
0.7637241858658815
0.76405204069597
0.7643799952383389
0.7647080485821954
0.7650361998167471
0.7653644480312012
0.7656927923147656
0.7660212317566475
0.7663497654460543
0.7666783924721936
0.767007111924273
0.7673359228914994
0.7676648244630809
0.7679938157282248
0.7683228957761384
0.768652063696029
0.7689813185771046
0.7693106595085722
0.7696400855796394
0.7699695958795137
0.7702991894974026
0.7706288655225135
0.7709586230440537
0.771288461151231
0.7716183789332527
0.7719483754793259
0.7722784498786588
0.7726086012204584
0.7729388285939323
0.7732691310882875
0.7735995077927322
0.7739299577964736
0.7742604801887187
0.7745910740586757
0.7749217384955517
0.7752524725885539
0.7755832754268902
0.7759141460997678
0.7762450836963944
0.7765760873059772
0.7769071560177238
0.7772382889208417
0.777569485104538
0.7779007436580208
0.7782320636704971
0.7785634442311746
0.7788948844292605
0.7792263833539624
0.7795579400944879
0.7798895537400441
0.7802212233798389
0.7805529481030795
0.7808847269989733
0.781216559156728
0.781548443665551
0.7818803796146497
0.7822123660932314
0.7825444021905038
0.7828764869956744
0.7832086195979503
0.7835407990865243
0.7838730244234965
0.7842052945668604
0.7845376085915743
0.7848699655725971
0.7852023645848876
0.7855348047034039
0.7858672850031052
0.7861998045589498
0.7865323624458962
0.7868649577389033
0.7871975895129297
0.7875302568429339
0.7878629588038745
0.7881956944707103
0.7885284629183997
0.7888612632219013
0.7891940944561742
0.7895269556961765
0.7898598460168671
0.7901927644932043
0.7905257102001472
0.7908586822126541
0.7911916796056835
0.7915247014541944
0.7918577468331454
0.7921908148174945
0.7925239044822012
0.7928570149022237
0.7931901451525205
0.7935232943080504
0.793856461443772
0.7941896456346439
0.7945228459556245
0.794856061481673
0.7951892912877475
0.7955225344488069
0.7958557900398096
0.7961890571357143
0.7965223348114798
0.7968556221420645
0.7971889182024272
0.7975222220675264
0.7978555328123208
0.7981888495117688
0.7985221712408294
0.798855497074461
0.7991888260876221
0.7995221573552717
0.7998554899523681
0.8001888229538698
0.8005221554347359
0.8008554864699249
0.8011888151343951
0.8015221405031052
0.8018554616510141
0.8021887776530803
0.8025220875842621
0.8028553905195187
0.8031886855338084
0.8035219717020897
0.8038552480993214
0.8041885138004622
0.8045217678804706
0.8048550094143051
0.8051882374769246
0.8055214511432877
0.8058546494883526
0.8061878315870785
0.8065209965144238
0.8068541433453469
0.8071872711548066
0.8075203790177616
0.8078534660091705
0.8081865312039918
0.8085195736771842
0.8088525925037063
0.8091855867585169
0.8095185555165743
0.8098514978528373
0.8101844128422646
0.8105172995598146
0.8108501570804462
0.8111829844791179
0.811515780830788
0.8118485452104157
0.8121812766929595
0.8125139743533777
0.812846637266629
0.8131792645076722
0.8135118551514658
0.8138444082729684
0.814176922947139
0.8145093982489358
0.8148418332533175
0.8151742270352426
0.81550657866967
0.8158388872315583
0.8161711517958657
0.8165033714375515
0.8168355452315739
0.8171676722528914
0.817499751576463
0.8178317822772473
0.8181637634302026
0.8184956941102876
0.8188275733924611
0.8191594003516817
0.8194911740629077
0.8198228936010983
0.8201545580412117
0.8204861664582067
0.8208177179270416
0.8211492114818515
0.8214806460273142
0.8218120206352784
0.8221433343988308
0.8224745864110579
0.8228057757650463
0.8231369015538823
0.8234679628706529
0.8237989588084444
0.8241298884603433
0.8244607509194365
0.8247915452788103
0.8251222706315511
0.8254529260707458
0.8257835106894809
0.8261140235808428
0.8264444638379181
0.8267748305537936
0.8271051228215558
0.8274353397342908
0.8277654803850858
0.828095543867027
0.8284255292732011
0.8287554356966945
0.829085262230594
0.8294150079679861
0.829744672001957
0.8300742534255938
0.830403751331983
0.8307331648142107
0.8310624929653638
0.831391734878529
0.8317208896467927
0.8320499563632413
0.8323789341209616
0.8327078220130402
0.8330366191325633
0.8333653245726179
0.8336939374262904
0.8340224567866674
0.8343508817468351
0.8346792113998808
0.8350074448388904
0.8353355811569506
0.8356636194471483
0.8359915588025698
0.8363193983163015
0.8366471370814303
0.8369747741910427
0.8373023087382252
0.8376297398160641
0.8379570665176466
0.8382842879360587
0.838611403164387
0.8389384112957184
0.8392653114231393
0.8395921026397363
0.8399187840385955
0.8402453547128043
0.8405718137554488
0.8408981602596154
0.8412243933183909
0.841550512024862
0.8418765154721148
0.8422024027532364
0.8425281729613132
0.8428538251894316
0.8431793585306782
0.8435047720781396
0.8438300649249024
0.8441552361640531
0.8444802848886784
0.8448052101918648
0.8451300111666988
0.8454546869062669
0.8457792365036559
0.8461036590519523
0.8464279536442424
0.846752119373613
0.8470761553331508
0.8474000606159421
0.8477238343150735
0.8480474755236316
0.8483709833347031
0.8486943568413743
0.849017595136732
0.8493406973138627
0.8496636624658528
0.8499864896857892
0.8503091780667582
0.8506317267018465
0.8509541346841404
0.8512764011067269
0.8515985250626922
0.8519205056451229
0.8522423419471058
0.8525640330617273
0.8528855780820741
0.8532069761012324
0.8535282262122892
0.8538493275083309
0.8541702790824438
0.854491080027715
0.8548117294372307
0.8551322264040774
0.8554525700213419
0.8557727593821107
0.8560927935794703
0.8564126717065073
0.8567323928563082
0.8570519561219597
0.8573713605965482
0.8576906053703229
0.8580096894016558
0.8583286117456146
0.8586473715451683
0.8589659679432866
0.8592844000829383
0.8596026671070924
0.8599207681587188
0.860238702380786
0.8605564689162635
0.8608740669081204
0.8611914954993262
0.8615087538328496
0.86182584105166
0.8621427562987267
0.862459498717019
0.8627760674495056
0.8630924616391562
0.8634086804289398
0.8637247229618257
0.8640405883807827
0.8643562758287804
0.864671784448788
0.8649871133837743
0.865302261776709
0.865617228770561
0.8659320135082994
0.8662466151328937
0.866561032787313
0.8668752656145263
0.8671893127575029
0.8675031733592121
0.867816846562623
0.8681303315107047
0.8684436273464267
0.8687567332127578
0.8690696482526675
0.8693823716091247
0.869694902425099
0.8700072398435592
0.8703193830074747
0.8706313310598146
0.8709430831435483
0.8712546384016447
0.8715659959770731
0.8718771550128028
0.872188114651803
0.8724988740370426
0.8728094323114911
0.8731197886181177
0.8734299420998912
0.8737398918997814
0.8740496371607571
0.8743591770257876
0.8746685106378419
0.8749776371398894
0.8752865556748994
0.8755952653858408
0.8759037654156829
0.8762120549073951
0.8765201330039464
0.8768279988483059
0.877135651583443
0.8774430903523267
0.8777503142979263
0.8780573225632111
0.8783641142911502
0.8786706886247126
0.8789770447068679
0.879283181680585
0.8795890986888331
0.8798947948745813
0.8802002693807992
0.8805055213504557
0.8808105499265199
0.8811153542519612
0.8814199334697488
0.8817242867228517
0.8820284131542392
0.8823323119068806
0.8826359821237449
0.8829394229478014
0.8832426335220193
0.8835456129893678
0.8838483604928159
0.8841508751753332
0.8844531561798885
0.8847552026494513
0.8850570137269904
0.8853585885554754
0.8856599262778754
0.8859610260371592
0.8862618869762966
0.8865625082382566
0.8868628889660081
0.8871630283025204
0.887462925390763
0.8877625793737048
0.8880619893943149
0.888361154595563
0.8886600741204178
0.8889587471118485
0.8892571727128247
0.8895553500663153
0.8898532783152895
0.8901509566027164
0.8904483840715653
0.8907455598648056
0.8910424831254062
0.8913391529963365
0.8916355686205656
0.8919317291410627
0.8922276337007967
0.8925232813905133
0.8928186712562473
0.8931138025127114
0.8934086743827573
0.8937032860892358
0.8939976368549979
0.8942917259028946
0.8945855524557773
0.894879115736497
0.8951724149679046
0.8954654493728513
0.8957582181741882
0.8960507205947663
0.896342955857437
0.896634923185051
0.8969266218004596
0.8972180509265135
0.8975092097860644
0.8978000976019631
0.8980907135970605
0.898381056994208
0.8986711270162566
0.8989609228860573
0.899250443826461
0.8995396890603193
0.8998286578104829
0.9001173492998028
0.9004057627511305
0.9006938973873168
0.9009817524312127
0.9012693271056695
0.9015566206335383
0.9018436322376701
0.9021303611409157
0.9024168065661267
0.9027029677361539
0.9029888438738484
0.9032744342020613
0.9035597379436439
0.903844754321447
0.9041294825583216
0.9044139218771191
0.9046980715006905
0.9049819306518867
0.9052654985535591
0.9055487744285585
0.905831757499736
0.9061144469899429
0.9063968421220303
0.906678942118849
0.9069607462032502
0.9072422535980851
0.9075234635262047
0.90780437521046
0.9080849878737023
0.9083653007387825
0.9086453130285519
0.9089250239658612
0.9092044327735619
0.9094835386745049
0.9097623408915412
0.910040838647522
0.9103190311652984
0.9105969176677214
0.9108744973776423
0.911151769517912
0.9114287333113815
0.911705387980902
0.9119817327493247
0.9122577668395004
0.9125334894742805
0.9128088998765159
0.9130839972690578
0.9133587808747571
0.913633249916465
0.9139074036170326
0.9141812411993111
0.9144547618861512
0.9147279649004044
0.9150008494649217
0.9152734148025541
0.9155456601361526
0.9158175846885684
0.9160891876826527
0.9163604683412562
0.9166314258872305
0.9169020595434263
0.9171723685326948
0.9174423520778872
0.9177120094018545
0.9179813397274477
0.9182503422775179
0.9185190162749164
0.918787360942494
0.9190553755031019
0.9193230591795913
0.9195904111948132
0.9198574307716187
0.9201241171328587
0.9203904695013846
0.9206564871000473
0.9209221691516979
0.9211875148791875
0.9214525235053672
0.9217171942530881
0.9219815263452013
0.9222455190045578
0.9225091714540087
0.922772482916405
0.9230354526145982
0.923298079771439
0.9235603636097783
0.9238223033442533
0.9240838981003954
0.9243451471558177
0.9246060498404625
0.9248666054842722
0.925126813417189
0.9253866729691551
0.925646183470113
0.9259053442500048
0.9261641546387728
0.9264226139663595
0.9266807215627071
0.9269384767577578
0.9271958788814538
0.9274529272637377
0.9277096212345516
0.9279659601238377
0.9282219432615385
0.9284775699775962
0.9287328396019532
0.9289877514645514
0.9292423048953335
0.9294964992242417
0.9297503337812182
0.9300038078962054
0.9302569208991456
0.9305096721199808
0.9307620608886537
0.9310140865351064
0.9312657483892812
0.9315170457811203
0.9317679780405661
0.932018544497561
0.932268744482047
0.9325185773239667
0.9327680423532623
0.9330171388998759
0.9332658662937499
0.9335142238648267
0.9337622109430486
0.9340098268583575
0.9342570709406963
0.9345039425200069
0.9347504409262317
0.9349965654893129
0.935242315539193
0.935487690405814
0.9357326894191184
0.9359773119090485
0.9362215572055466
0.9364654246385546
0.9367089135380153
0.936952023233871
0.9371947530560636
0.9374371023345355
0.9376790703992293
0.9379206565800869
0.9381618602070507
0.9384026806100632
0.9386431171190666
0.938883169064003
0.9391228357748148
0.9393621165814444
0.939601010813834
0.9398395178019258
0.9400776368756624
0.9403153673649857
0.9405527085998382
0.9407896599101622
0.9410262206259
0.9412623900769939
0.9414981675933859
0.9417335525050187
0.9419685441418344
0.9422031418337752
0.9424373449107837
0.9426711527028019
0.9429045645397722
0.9431375797516368
0.9433701976683382
0.9436024176198186
0.94383423893602
0.9440656609468852
0.9442966829823561
0.9445273043723752
0.9447575244468847
0.944987342535827
0.9452167579691442
0.9454457700767785
0.9456743781886727
0.9459025816347687
0.9461303797450087
0.9463577718493353
0.9465847572776906
0.946811335360017
0.9470375054262568
0.9472632668063521
0.9474886188302454
0.9477135608278787
0.9479380921291947
0.9481622120641354
0.9483859199626432
0.9486092151546605
0.9488320969701293
0.9490545647389922
0.9492766177911911
0.9494982554566688
0.9497194770653672
0.9499402819472287
0.9501606694321957
0.9503806388502104
0.9506001895312151
0.950819320805152
0.9510380319558884
0.9512563223166569
0.9514741913466751
0.9516916385064323
0.9519086632564171
0.9521252650571184
0.9523414433690248
0.9525571976526257
0.9527725273684094
0.9529874319768651
0.9532019109384815
0.9534159637137475
0.9536295897631517
0.9538427885471834
0.9540555595263313
0.9542679021610839
0.9544798159119304
0.9546913002393597
0.9549023546038604
0.9551129784659214
0.9553231712860317
0.9555329325246801
0.9557422616423554
0.9559511580995463
0.9561596213567419
0.9563676508744311
0.9565752461131023
0.9567824065332449
0.9569891315953474
0.9571954207598987
0.9574012734873878
0.9576066892383034
0.9578116674731344
0.9580162076523696
0.9582203092364979
0.9584239716860081
0.9586271944613891
0.9588299770231298
0.959032318831719
0.9592342193476455
0.9594356780313981
0.9596366943434658
0.9598372677443374
0.9600373976945016
0.9602370836544475
0.9604363250846638
0.9606351214456392
0.960833472197863
0.9610313768018236
0.9612288347180101
0.9614258454069111
0.9616224083290158
0.9618185229448128
0.9620141887147909
0.9622094050994392
0.9624041715592464
0.9625984875547013
0.9627923525462928
0.9629857659945098
0.9631787273598411
0.9633712361027754
0.963563291683802
0.9637548935634093
0.963946041202086
0.9641367340603216
0.9643269715986046
0.9645167532774237
0.9647060785572679
0.9648949468986261
0.9650833577619871
0.9652713106078395
0.9654588048966726
0.965645840088975
0.9658324156452356
0.9660185310259432
0.9662041856915867
0.9663893791026549
0.9665741107196366
0.9667583800030208
0.9669421864132963
0.967125529410952
0.9673084084564764
0.9674908230103588
0.9676727725330879
0.9678542564851523
0.9680352743270413
0.9682158255192435
0.9683959095222475
0.9685755257965426
0.9687546738026175
0.968933353000961
0.9691115628520618
0.969289302816409
0.9694665723544914
0.9696433709267976
0.9698196979938168
0.9699955530160378
0.9701709354539492
0.97034584476804
0.970520280418799
0.9706942418667153
0.9708677285722772
0.9710407399959742
0.9712132755982946
0.9713853348397276
0.971556917180762
0.9717280220818865
0.97189864900359
0.9720687974063613
0.9722384667506895
0.9724076564970632
0.9725763661059713
0.9727445950280065
0.97291234270229
0.9730796087161735
0.973246392679581
0.9734126942024371
0.9735785128946659
0.9737438483661913
0.9739087002269379
0.9740730680868296
0.9742369515557905
0.9744003502437452
0.9745632637606175
0.9747256917163319
0.9748876337208123
0.9750490893839833
0.9752100583157686
0.9753705401260927
0.9755305344248797
0.9756900408220539
0.9758490589275394
0.9760075883512603
0.976165628703141
0.9763231795931056
0.9764802406310782
0.9766368114269832
0.9767928915907446
0.9769484807322867
0.9771035784615336
0.9772581843884096
0.9774122981228389
0.9775659192747456
0.9777190474540539
0.9778716822706881
0.9780238233345723
0.9781754702556307
0.9783266226437876
0.9784772801089671
0.9786274422610932
0.9787771087100905
0.9789262790658829
0.9790749529383946
0.97922312993755
0.9793708096732732
0.9795179917554884
0.9796646757941195
0.9798108613990911
0.9799565481803274
0.9801017357477522
0.98024642371129
0.980390611680865
0.9805342992664012
0.980677486077823
0.9808201717250545
0.9809623558180199
0.9811040379666434
0.9812452177808492
0.9813858948705614
0.9815260688457043
0.981665739316202
0.9818049058919789
0.981943568182959
0.9820817257990665
0.9822193783502258
0.9823565254463608
0.9824931666973957
0.982629301713255
0.9827649301038628
0.982900051479143
0.9830346654490202
0.9831687716234183
0.9833023696122616
0.9834354590254742
0.9835680394729805
0.9837001105647046
0.9838316719105705
0.9839627231205027
0.9840932638044253
0.9842232935722623
0.9843528120339381
0.9844818187993769
0.9846103134785027
0.9847382956812398
0.9848657650175127
0.984992721097245
0.9851191635303613
0.9852450919267858
0.9853705058964425
0.9854954050492557
0.9856197889951495
0.9857436573440482
0.985867009705876
0.9859898456905571
0.9861121649080157
0.9862339669681758
0.9863552514809618
0.9864760180562978
0.9865962663041081
0.9867159958343168
0.9868352062568481
0.9869538971816262
0.9870720682185753
0.9871897189776196
0.9873068490686833
0.9874234581016906
0.9875395456865657
0.9876551114332327
0.9877701549516159
0.9878846758516394
0.9879986737432275
0.9881121482363043
0.9882250989407941
0.9883375254666211
0.9884494274236919
0.9885608044096774
0.9886716561341934
0.9887819823702539
0.9888917828908735
0.9890010574690666
0.9891098058778474
0.9892180278902303
0.9893257232792296
0.9894328918178599
0.9895395332791351
0.98964564743607
0.9897512340616786
0.9898562929289755
0.9899608238109748
0.9900648264806913
0.9901683007111388
0.990271246275332
0.9903736629462851
0.9904755504970126
0.9905769087005286
0.9906777373298478
0.9907780361579842
0.9908778049579524
0.9909770435027665
0.9910757515654411
0.9911739289189905
0.991271575336429
0.9913686905907708
0.9914652744550305
0.9915613267022224
0.9916568471053607
0.9917518354374599
0.9918462914715344
0.9919402149805983
0.9920336057376662
0.9921264635157523
0.992218788087871
0.9923105792270366
0.9924018367062636
0.9924925602985661
0.9925827497769587
0.9926724049144557
0.9927615254840714
0.9928501112588201
0.9929381620117161
0.993025677515774
0.9931126575440079
0.9931991018694323
0.9932850102650614
0.9933703825039097
0.9934552183589915
0.9935395176033213
0.9936232800099131
0.9937065053517815
0.9937891934019408
0.9938713439334054
0.9939529567191895
0.9940340315323076
0.9941145681457739
0.9941945663326031
0.994274025865809
0.9943529465184064
0.9944313280634095
0.9945091702738326
0.9945864729226901
0.9946632357829963
0.9947394586277657
0.9948151412300125
0.994890283362751
0.9949648847989957
0.995038945311761
0.995112464674061
0.9951854426589103
0.9952578790393231
0.9953297735883136
0.9954011260788966
0.9954719362840861
0.9955422039768965
0.9956119289303423
0.9956811109174377
0.9957497497111971
0.9958178450846348
0.9958853968107653
0.9959524046626027
0.9960188684131616
0.9960847878354561
0.9961501627025008
0.9962149927873098
0.9962792778628978
0.9963430177022788
0.9964062120784674
0.9964688607644777
0.9965309635333243
0.9965925201580214
0.9966535304115833
0.9967139940670247
0.9967739108973594
0.9968332806756022
0.9968921031747672
0.9969503781678689
0.9970081054279215
0.9970652847279395
0.9971219158409372
0.997177998539929
0.997233532597929
0.9972885177879519
0.9973429538830119
0.9973968406561232
0.9974501778803003
0.9975029653285576
0.9975552027739094
0.9976068899893701
0.997658026747822
0.9977086128941537
0.9977586483676559
0.99780813311238
0.9978570670723776
0.9979054501917002
0.9979532824143992
0.9980005636845262
0.9980472939461326
0.9980934731432699
0.9981391012199897
0.9981841781203435
0.9982287037883828
0.998272678168159
0.9983161012037237
0.9983589728391283
0.9984012930184244
0.9984430616856635
0.9984842787848971
0.9985249442601766
0.9985650580555536
0.9986046201150796
0.998643630382806
0.9986820888027845
0.9987199953190664
0.9987573498757033
0.9987941524167466
0.998830402886248
0.9988661012282588
0.9989012473868307
0.998935841306015
0.9989698829298633
0.9990033722024271
0.9990363090677579
0.9990686934699071
0.9991005253529264
0.9991318046608672
0.9991625313377809
0.9991927053277191
0.9992223265747333
0.9992513950228751
0.9992799106161958
0.999307873298747
0.9993352830145803
0.999362139707747
0.9993884433222988
0.999414193802287
0.9994393910917633
0.9994640351347791
0.9994881258753858
0.9995116632576352
0.9995346472255785
0.9995570777232673
0.9995789546947531
0.9996002780840875
0.9996210478353218
0.9996412638925077
0.9996609261996966
0.9996800347009401
0.9996985893402895
0.9997165900617965
0.9997340368095126
0.999750929527489
0.9997672681597776
0.9997830526504297
0.9997982829434968
0.9998129589830305
0.9998270807130821
0.9998406480777033
0.9998536610209456
0.9998661194868604
0.9998780234194992
0.9998893727629136
0.999900167461155
0.999910407458275
0.9999200926983249
0.9999292231253565
0.999937798683421
0.9999458193165701
0.9999532849688554
0.999960195584328
0.9999665511070398
0.9999723514810421
0.9999775966503865
0.9999822865591245
0.9999864211513074
0.9999900003709871
0.9999930241622146
0.9999954924690418
0.99999740523552
0.9999987624057008
0.9999995639236356
0.9999998097333761
0.9999994997789735
0.9999986340044796
0.9999972123539458
0.9999952347714234
0.9999927012009642
0.9999896115866195
0.9999859658724409
0.9999817640024798
0.999977005920788
0.9999716915714166
0.9999658208984172
0.9999593938458415
0.999952410357741
0.9999448703781669
0.999936773851171
0.9999281207208046
0.9999189109311193
0.9999091444261665
0.999898821149998
0.9998879410469531
0.9998765041135718
0.9998645104540738
0.9998519601855059
0.9998388534249151
0.9998251902893484
0.9998109708958526
0.9997961953614747
0.9997808638032615
0.99976497633826
0.9997485330835172
0.99973153415608
0.999713979672995
0.9996958697513096
0.9996772045080704
0.9996579840603245
0.9996382085251185
0.9996178780194998
0.9995969926605149
0.999575552565211
0.9995535578506348
0.9995310086338334
0.9995079050318536
0.9994842471617423
0.9994600351405466
0.9994352690853132
0.9994099491130891
0.9993840753409213
0.9993576478858566
0.999330666864942
0.9993031323952243
0.9992750445937506
0.9992464035775677
0.9992172094637225
0.9991874623692619
0.999157162411233
0.9991263097066825
0.9990949043726575
0.9990629465262048
0.9990304362843713
0.998997373764204
0.9989637590827498
0.9989295923570556
0.9988948737041683
0.9988596032411349
0.9988237810850022
0.9987874073528172
0.9987504821616268
0.9987130056284779
0.9986749778704175
0.9986363990044923
0.9985972691477495
0.9985575884172359
0.9985173569299983
0.9984765748030838
0.9984352421535392
0.9983933590984115
0.9983509257547475
0.9983079422395943
0.9982644086699987
0.9982203251630076
0.998175691835668
0.9981305088050267
0.9980847761881307
0.9980384941020269
0.9979916626637623
0.9979442819903838
0.997896352198938
0.9978478734064723
0.9977988457300334
0.9977492692866682
0.9976991441934235
0.9976484705673465
0.9975972485254839
0.9975454781848827
0.9974931596625899
0.9974402930756523
0.9973868785411167
0.9973329161760304
0.9972784060974399
0.9972233484223924
0.9971677432679346
0.9971115907511137
0.9970548909889763
0.9969976440985695
0.9969398501969403
0.9968815094011354
0.9968226218282019
0.9967631875951867
0.9967032068191365
0.9966426796170985
0.9965816061061195
0.9965199864032465
0.9964578206255261
0.9963951088900056
0.9963318513137318
0.9962680480137517
0.9962036991071119
0.9961388047108596
0.9960733649420417
0.996007379917705
0.9959408497548966
0.9958737745706633
0.9958061544820519
0.9957379896061095
0.995669280059883
0.9956000259604192
0.9955302274247652
0.9954598845699677
0.9953889975130737
0.9953175663711303
0.9952455912611842
0.9951730723002824
0.9951000096322964
0.9950264035273749
0.9949522542728776
0.9948775621547494
0.9948023274589353
0.9947265504713801
0.994650231478029
0.9945733707648268
0.9944959686177185
0.994418025322649
0.9943395411655633
0.9942605164324064
0.9941809514091232
0.9941008463816587
0.994020201635958
0.9939390174579656
0.993857294133627
0.9937750319488868
0.9936922311896902
0.9936088921419819
0.9935250150917071
0.9934406003248106
0.9933556481272374
0.9932701587849326
0.993184132583841
0.9930975698099075
0.9930104707490772
0.992922835687295
0.9928346649105059
0.9927459587046548
0.9926567173556866
0.9925669411495465
0.9924766303721791
0.9923857853095298
0.9922944062475433
0.9922024934721645
0.9921100472693384
0.9920170679250101
0.9919235557251244
0.9918295109556263
0.9917349339024608
0.9916398248515729
0.9915441840889074
0.9914480119004094
0.9913513085720238
0.9912540743896956
0.9911563096393697
0.9910580146069912
0.9909591895785048
0.9908598348398556
0.9907599506769886
0.9906595373758488
0.990558595222381
0.9904571245025303
0.9903551255022416
0.9902525985074598
0.99014954380413
0.990045961678197
0.989941852415606
0.9898372163023016
0.989732053624229
0.9896263646673331
0.989520149717559
0.9894134090608514
0.9893061429831554
0.989198351770416
0.9890900357085781
0.9889811950835867
0.9888718301813867
0.988761941287923
0.9886515286891409
0.9885405926709849
0.9884291335194002
0.9883171515203316
0.9882046469597244
0.9880916201235233
0.9879780712976731
0.9878640007681191
0.9877494088208062
0.9876342957416792
0.987518661816683
0.9874025073317629
0.9872858325728635
0.98716863782593
0.9870509233769074
0.9869326895117403
0.986813936516374
0.9866946646767533
0.9865748742788232
0.9864545656085286
0.9863337389518146
0.9862123945946262
0.986090532822908
0.9859681539226054
0.9858452581796631
0.9857218458800261
0.9855979173096394
0.9854734727544479
0.9853485125003967
0.9852230368334305
0.9850970460394944
0.9849705404045336
0.9848435202144926
0.9847159857553167
0.9845879373129507
0.9844593751733397
0.9843302996224285
0.984200710946162
0.9840706094304855
0.9839399953613437
0.9838088690246815
0.983677230706444
0.9835450806982567
0.9834124194148256
0.9832792473159497
0.9831455648464618
0.9830113724511941
0.9828766705749794
0.98274145966265
0.9826057401590388
0.9824695125089781
0.9823327771573003
0.9821955345488382
0.9820577851284242
0.9819195293408909
0.9817807676310708
0.9816415004437964
0.9815017282239002
0.9813614514162149
0.9812206704655729
0.9810793858168069
0.9809375979147491
0.9807953072042325
0.9806525141300892
0.9805092191371519
0.9803654226702533
0.9802211251742258
0.9800763270939018
0.979931028874114
0.9797852309596949
0.9796389337954771
0.979492137826293
0.9793448434969751
0.9791970512523562
0.9790487615372687
0.978899974796545
0.9787506914750179
0.9786009120175196
0.9784506368688829
0.9782998664739404
0.9781486012775243
0.9779968417244674
0.9778445882596022
0.9776918413277612
0.9775386013737768
0.9773848688424818
0.9772306441787086
0.9770759278272897
0.9769207202330576
0.9767650218408452
0.9766088330954845
0.9764521544418083
0.9762949863246492
0.9761373291888397
0.9759791834792122
0.9758205496405994
0.9756614281178337
0.9755018193557478
0.9753417237991739
0.975181141892945
0.9750200740818934
0.9748585208108516
0.9746964825246521
0.9745339596681277
0.9743709526861106
0.9742074620234336
0.974043488124929
0.9738790314354295
0.9737140923997676
0.9735486714627758
0.9733827690692868
0.9732163856641328
0.9730495216921466
0.9728821775981609
0.9727143538270078
0.9725460508235201
0.9723772690325302
0.9722080088988708
0.9720382708673743
0.9718680553828732
0.9716973628902004
0.9715261938341879
0.9713545486596686
0.9711824278114749
0.9710098317344396
0.9708367608733947
0.970663215673173
0.9704891965786073
0.9703147040345299
0.9701397384857732
0.9699643003771701
0.9697883901535527
0.9696120082597538
0.9694351551406059
0.9692578312409416
0.9690800370055932
0.9689017728793935
0.968723039307175
0.9685438367337701
0.9683641656040114
0.9681840263627314
0.9680034194547628
0.9678223453249378
0.9676408044180893
0.9674587971790497
0.9672763240526515
0.9670933854837273
0.9669099819171095
0.9667261137976307
0.9665417815701235
0.9663569856794204
0.966171726570354
0.9659860046877567
0.9657998204764611
0.9656131743812998
0.9654260669184034
0.9652384987269167
0.9650504703958679
0.9648619825134043
0.9646730356676732
0.9644836304468218
0.964293767438998
0.9641034472323485
0.963912670415021
0.9637214375751629
0.9635297493009214
0.9633376061804438
0.9631450088018776
0.9629519577533702
0.9627584536230688
0.9625644969991207
0.9623700884696736
0.9621752286228745
0.9619799180468709
0.9617841573298102
0.9615879470598396
0.9613912878251065
0.9611941802137584
0.9609966248139425
0.9607986222138062
0.9606001730014969
0.9604012777651619
0.9602019370929485
0.9600021515730042
0.9598019217934761
0.959601248342512
0.9594001318082588
0.959198572778864
0.9589965718424752
0.9587941295872393
0.958591246601304
0.9583879234728165
0.9581841607899243
0.9579799591407746
0.9577753191135148
0.9575702412962923
0.9573647262772544
0.9571587746445485
0.9569523869863218
0.956745563890722
0.9565383059458961
0.9563306137399915
0.9561224878611558
0.9559139288975361
0.9557049374372799
0.9554955140685345
0.9552856593794472
0.9550753739581654
0.9548646583928365
0.954653513271608
0.9544419391826269
0.9542299367140407
0.9540175064539969
0.9538046489906425
0.9535913649121253
0.9533776548065923
0.9531635192621911
0.9529489588670689
0.9527339742093731
0.9525185658772511
0.9523027344588502
0.9520864805423177
0.9518698047158012
0.9516527075674477
0.9514351896854047
0.9512172516578197
0.9509988940728399
0.9507801175186126
0.9505609225832853
0.9503413098550054
0.95012127992192
0.9499008333721766
0.9496799707939226
0.9494586927753054
0.9492369999044722
0.9490148927695703
0.9487923719587473
0.9485694380601505
0.948346091661927
0.9481223333522245
0.9478981637191901
0.9476735833509712
0.9474485928357151
0.9472231927615695
0.9469973837166814
0.9467711662891982
0.9465445410672675
0.9463175086390362
0.9460900695926521
0.9458622245162622
0.9456339739980142
0.9454053186260553
0.9451762589885326
0.944946795673594
0.9447169292693863
0.9444866603640572
0.944255989545754
0.9440249174026238
0.9437934445228142
0.9435615714944726
0.9433292989057463
0.9430966273447826
0.9428635573997288
0.9426300896587324
0.9423962247099407
0.9421619631415009
0.9419273055415606
0.9416922525185647
0.9414568048488017
0.9412209632655075
0.9409847284795546
0.9407481012018152
0.9405110821431615
0.9402736720144659
0.9400358715266008
0.9397976813904384
0.9395591023168511
0.9393201350167113
0.9390807802008911
0.938841038580263
0.9386009108656993
0.9383603977680722
0.9381194999982542
0.9378782182671174
0.9376365532855343
0.9373945057643771
0.9371520764145181
0.93690926594683
0.9366660750721846
0.9364225045014544
0.9361785549455117
0.9359342271152291
0.9356895217214786
0.9354444394751324
0.9351989810870633
0.9349531472681433
0.9347069387292447
0.93446035618124
0.9342134003350013
0.9339660719014011
0.9337183715913115
0.9334703001156053
0.9332218581851542
0.9329730465108308
0.9327238658035076
0.9324743167740567
0.9322244001333504
0.931974116592261
0.9317234668616612
0.9314724516524228
0.9312210716754183
0.9309693276415203
0.9307172202616006
0.930464750246532
0.9302119183071866
0.9299587251544367
0.9297051714991547
0.9294512580522127
0.9291969855244835
0.9289423546268389
0.9286873660701516
0.9284320205652937
0.9281763188231376
0.9279202615545554
0.9276638494704198
0.927407083281603
0.9271499636989772
0.9268924914334147
0.926634667195788
0.9263764916969692
0.9261179656478308
0.9258590897592451
0.9255998647420843
0.9253402913072208
0.9250803701655269
0.9248201020278751
0.9245594876051374
0.9242985276081862
0.9240372227478941
0.9237755737351331
0.9235135812807757
0.923251246095694
0.9229885688907606
0.9227255503768477
0.9224621912648274
0.9221984922655726
0.921934454089955
0.9216700774488471
0.9214053630531214
0.9211403116136502
0.9208749238413055
0.92060920044696
0.9203431421414859
0.9200767496357555
0.9198100236406409
0.9195429648670149
0.9192755740257494
0.9190078518277168
0.9187397989837895
0.91847141620484
0.9182027042017402
0.9179336636853628
0.9176642953665799
0.9173945999562638
0.9171245781652869
0.9168542307045217
0.9165835582848403
0.9163125616171149
0.916041241412218
0.9157695983810221
0.9154976332343991
0.9152253466832216
0.914952739438362
0.9146798122106924
0.914406565711085
0.9141330006504125
0.9138591177395471
0.9135849176893609
0.9133104012107265
0.913035569014615
0.9127604219376131
0.9124849608690769
0.9122091866177174
0.9119330999922456
0.911656701801372
0.9113799928538079
0.911102973958264
0.910825645923451
0.9105480095580801
0.9102700656708622
0.9099918150705077
0.909713258565728
0.9094343969652338
0.909155231077736
0.9088757617119453
0.9085959896765727
0.9083159157803293
0.9080355408319257
0.9077548656400729
0.9074738910134817
0.9071926177608634
0.9069110466909281
0.9066291786123872
0.9063470143339517
0.9060645546643321
0.9057818004122394
0.9054987523863848
0.9052154113954787
0.9049317782482322
0.9046478537533562
0.9043636387195617
0.9040791339555593
0.90379434027006
0.9035092584717749
0.9032238893694146
0.9029382337716899
0.902652292487312
0.9023660663249917
0.9020795560934398
0.9017927626013671
0.9015056866574848
0.9012183290705034
0.9009306906491339
0.9006427722020873
0.9003545745380745
0.9000660984658062
0.8997773447939934
0.899488314331347
0.8991990078865778
0.8989094262683966
0.8986195702855146
0.8983294407466424
0.898039038460491
0.8977483642357712
0.8974574188811941
0.8971662032054702
0.8968747180173107
0.8965829641254264
0.8962909423385281
0.8959986534653267
0.8957060983145332
0.8954132776948585
0.8951201924150132
0.8948268432837084
0.8945332311096551
0.894239356701564
0.8939452208681459
0.8936508244181119
0.8933561681601727
0.8930612529030393
0.8927660794554225
0.8924706486260334
0.8921749612235825
0.8918790180567809
0.8915828199343397
0.8912863676649694
0.890989662057381
0.8906927039202854
0.8903954940623937
0.8900980332924164
0.8898003224190646
0.8895023622510492
0.8892041535970809
0.8889056972658708
0.8886069940661299
0.8883080448065686
0.888008850295898
0.8877094113428291
0.8874097287560729
0.88710980334434
0.8868096359163413
0.886509227280788
0.8862085782463904
0.88590768962186
0.8856065622159072
0.8853051968372433
0.8850035942945789
0.8847017553966249
0.8843996809520924
0.8840973717696919
0.8837948286581346
0.8834920524261315
0.8831890438823929
0.8828858038356303
0.8825823330945541
0.8822786324678757
0.8819747027643056
0.8816705447925547
0.8813661593613341
0.8810615472793544
0.8807567093553266
0.8804516463979617
0.8801463592595878
0.8798408489555006
0.8795351163808746
0.8792291624139478
0.8789229879329582
0.8786165938161441
0.8783099809417436
0.878003150187995
0.877696102433136
0.8773888385554051
0.8770813594330403
0.8767736659442796
0.8764657589673613
0.8761576393805237
0.8758493080620045
0.8755407658900419
0.8752320137428743
0.8749230524987398
0.8746138830358763
0.8743045062325219
0.873994922966915
0.8736851341172936
0.8733751405618958
0.8730649431789597
0.8727545428467236
0.8724439404434253
0.8721331368473032
0.8718221329365955
0.8715109295895399
0.8711995276843749
0.8708879280993387
0.8705761317126691
0.8702641394026044
0.8699519520473826
0.8696395705252421
0.8693269957144207