1.
0.9999974976592582
0.9999899920010293
0.9999774677245179
0.9999598988568208
0.9999372567000716
0.9999095000889987
0.9998765744530115
0.9998384235094616
0.9997949772999225
0.9997461565224227
0.9996918787208057
0.9996320453892756
0.9995665526564731
0.9994952912795345
0.9994181366087453
0.9993349616350677
0.9992456344558909
0.9991500016897735
0.9990479066321322
0.9989391925783837
0.9988237000493699
0.9987012490811414
0.9985716505509913
0.9984347152941979
0.9982902540641562
0.9981380682955193
0.9979779420011108
0.9978096573192042
0.9976329963880733
0.9974477400817104
0.997253655730812
0.9970505025299068
0.9968380395685162
0.9966160259301204
0.9963842164236404
0.9961423548953745
0.9958901835311151
0.9956274445166546
0.995353879609441
0.9950692247352004
0.9947732120275823
0.9944655736006353
0.9941460415684085
0.9938143466454249
0.9934702178251752
0.9931133849621486
0.9927435779135758
0.9923605265366875
0.9919639606887143
0.9915536090734643
0.9911292057515065
0.9906904913699083
0.9902372066516892
0.9897690923198689
0.9892858890974665
0.9887873373968782
0.988273189869213
0.987743211809862
0.987197168808465
0.9866348264546608
0.9860559503380892
0.9854603064453865
0.9848476795816765
0.9842178740239977
0.9835706947427038
0.9829059467081481
0.9822234348906846
0.9815229648125177
0.9808043654070902
0.9800674933368955
0.9793122066987949
0.9785383635896499
0.9777458221063215
0.9769344407874694
0.9761041038234349
0.9752547319674859
0.9743862486260838
0.9734985772056903
0.9725916411127672
0.9716653640180467
0.9707196952744499
0.9697546291753205
0.9687701644387954
0.9677662997830117
0.9667430339261063
0.965700365699852
0.9646383177282836
0.9635569644681252
0.9624563871342641
0.9613366669415874
0.9601978851049824
0.959040122867821
0.9578634819983953
0.956668120544432
0.9554542060945544
0.9542219062373865
0.9529713885615517
0.951702820657099
0.9504163866527556
0.9491123282497326
0.9477908996677914
0.9464523551266937
0.945096948846201
0.943724935046075
0.9423365804319686
0.9409322071118438
0.9395121524815399
0.9380767539362219
0.9366263488710556
0.935161274681206
0.9336818776078235
0.9321885539133739
0.9306817171417159
0.9291617808415833
0.9276291585617097
0.9260842638508286
0.9245275161094688
0.9229593769558336
0.9213803258612406
0.9197908423181929
0.9181914058191931
0.9165824958567445
0.9149645955092766
0.9133382208831624
0.9117039045880855
0.9100621792446071
0.908413577473288
0.9067586318946894
0.9050978771426814
0.9034318713964371
0.9017611858303615
0.9000863915044424
0.8984080594786675
0.8967267608130252
0.8950430675878721
0.893357566634416
0.8916708522001965
0.8899835180432771
0.8882961579217217
0.8866093655935942
0.8849237352735704
0.8832398685563376
0.8815583672181191
0.8798798317556689
0.8782048626657409
0.8765340604450893
0.874868025762827
0.8732073611341897
0.8715526610541241
0.8699045173613165
0.8682635218944531
0.8666302664922204
0.8650053430399391
0.8633893416466883
0.8617828360984698
0.8601863954093237
0.8586005885932899
0.8570259846644086
0.8554631526394717
0.8539126578226679
0.852375041714832
0.8508508380812142
0.8493405806870644
0.8478448032976327
0.846364039678169
0.8448988192297444
0.8434496416833734
0.8420169952192222
0.840601368005802
0.8392032482116244
0.8378231240052008
0.836461479453516
0.8351187650966292
0.8337954154718829
0.8324918650311118
0.8312085482261508
0.8299458995088342
0.8287043499803973
0.8274842955801802
0.8262861114003457
0.8251101722676724
0.8239568530089392
0.8228265284509247
0.8217195709817575
0.8206363183095957
0.8195770823888182
0.8185421745665795
0.8175319061900338
0.8165465886063353
0.8155865315811863
0.8146520124556708
0.8137432782025106
0.8128605746247342
0.8120041475253698
0.8111742427074454
0.8103711050776384
0.8095949506683133
0.8088459611393155
0.8081243161442099
0.8074301953365614
0.806763778369935
0.8061252444743523
0.8055147483305671
0.80493240709911
0.8043783347779857
0.8038526453651988
0.8033554528587544
0.8028868711070273
0.8024469940178357
0.8020358758498589
0.8016535661840332
0.8013001146012944
0.8009755706825789
0.8006799840365597
0.8004133924272434
0.8001757890410849
0.7999671572755735
0.799787480528199
0.7996367421964508
0.7995149256778183
0.7994220138323949
0.7993579631610723
0.7993226924339806
0.7993161175205873
0.7993381542903603
0.7993887186127674
0.7994677263572763
0.7995750912455222
0.7997106924925068
0.7998743814982658
0.8000660088722145
0.8002854252237677
0.8005324811623409
0.800807027297349
0.8011089087069773
0.8014379304078565
0.8017938797853879
0.8021765441489669
0.8025857108079887
0.8030211670718487
0.803482700249704
0.803970086404803
0.8044830605818145
0.8050213484829419
0.8055846758103892
0.8061727682663601
0.8067853515530585
0.8074221512064241
0.8080828736224275
0.8087671885780391
0.809474761722432
0.8102052587047797
0.8109583451742548
0.8117336867800308
0.8125309480842077
0.8133497663384669
0.8141897501658928
0.8150505068390356
0.8159316436304448
0.8168327678126708
0.817753486658263
0.8186934040623904
0.8196520903929351
0.8206290968709872
0.8216239744960784
0.8226362742677408
0.8236655471855059
0.8247113442489058
0.8257732154422235
0.8268506735037344
0.8279432093492116
0.8290503138351376
0.8301714778179947
0.8313061921542655
0.8324539477004321
0.8336142353129774
0.8347865452361202
0.8359703423697599
0.8371650591780689
0.8383701261606057
0.8395849738169288
0.8408090326465966
0.8420417331491679
0.8432825058242011
0.8445307811712547
0.8457859843727424
0.8470475074518775
0.8483147313209393
0.8495870370006311
0.8508638055116563
0.852144417874718
0.8534282551105193
0.8547146982397639
0.8560031281543499
0.8572929108522896
0.8585833930825596
0.8598739219017311
0.8611638443663753
0.8624525075330632
0.8637392584583663
0.8650234441988557
0.8663044118111025
0.8675815058607188
0.8688540559215003
0.8701213945124592
0.8713828553158985
0.8726377720141214
0.8738854782894309
0.8751253078241298
0.8763565943005215
0.8775786714009088
0.8787908669091132
0.8799925155399617
0.8811829631359342
0.8823615555504436
0.8835276386369028
0.8846805582487247
0.8858196602393226
0.8869442904621092
0.8880537938309756
0.8891475194040581
0.8902248493828604
0.891285171356749
0.8923278729150907
0.8933523416472523
0.8943579651426004
0.8953441309905016
0.8963102267803228
0.8972556400243263
0.8981797970997584
0.8990821585971109
0.8999621856945438
0.9008193395702164
0.9016530814022884
0.9024628723689195
0.9032481736482691
0.9040084462037723
0.9047431684330316
0.9054518914487824
0.9061341816642475
0.9067896054926503
0.9074177293472137
0.9080181196411606
0.9085903427877144
0.9091339652000979
0.9096485553301078
0.9101337450385696
0.9105892317808849
0.911014715665797
0.9114098968020489
0.9117744752983837
0.9121081512635448
0.9124106248062752
0.9126815960348398
0.9129207864060824
0.9131280214782076
0.9133031572268994
0.9134460496278416
0.9135565546567184
0.9136345282892137
0.9136798265010113
0.9136923052677954
0.9136718222655668
0.9136183045908034
0.913531770997513
0.9134122464799174
0.9132597560322383
0.9130743246486975
0.912855977323517
0.9126047390509182
0.912320634825123
0.9120037068518552
0.9116541077573491
0.9112720336888545
0.9108576808953724
0.9104112456259043
0.909932924129451
0.909422912655014
0.9088814074515942
0.908308605409406
0.907704759595894
0.9070702190838613
0.906405342016984
0.9057104865389382
0.9049860107933999
0.9042322729240454
0.9034496310745509
0.9026384433885924
0.9017990777330059
0.9009319901444321
0.9000376803582398
0.8991166481520224
0.8981693933033735
0.8971964155898865
0.8961982147891548
0.895175290678772
0.8941281430709472
0.8930573050004745
0.8919633819797135
0.8908469862556179
0.8897087300751414
0.8885492256852379
0.887369085332861
0.8861689212649646
0.8849493457285025
0.8837109746847955
0.88245447379962
0.8811805339285295
0.8798898446958588
0.8785830957259433
0.8772609766431179
0.8759241770717178
0.8745733866360781
0.873209294960534
0.8718326045996043
0.870444049148968
0.8690443582281967
0.8676342612933827
0.8662144878006179
0.8647857672059949
0.8633488289656057
0.8619044025355425
0.8604532181922564
0.8589960206745478
0.8575335476792018
0.8560665319231684
0.8545957061233977
0.8531218029968396
0.8516455552604445
0.8501676956311622
0.8486889568259429
0.8472100739291127
0.8457317726522058
0.8442547572104733
0.8427797308870655
0.8413073969651328
0.8398384587278259
0.8383736194582949
0.8369135824396903
0.8354590510095005
0.834010723323195
0.8325692582749615
0.8311353029349179
0.8297095043731821
0.8282925096598726
0.8268849658651072
0.8254875200590039
0.8241008193116808
0.82272551006869
0.8213622068854677
0.8200114832504812
0.8186739101908299
0.8173500587336129
0.8160404999059296
0.8147458047348796
0.8134665442475619
0.8122032894710759
0.8109566017182711
0.8097269842595355
0.8085149192896571
0.8073208889820348
0.8061453755100675
0.8049888610471538
0.8038518277666926
0.8027347578420825
0.8016381329439274
0.8005624004797149
0.7995079523322529
0.7984751753203535
0.7974644562628296
0.7964761819784931
0.7955107392861567
0.7945685150046324
0.7936498959527329
0.7927552621777275
0.7918849345394741
0.791039203339581
0.7902183586259178
0.7894226904463542
0.7886524888487594
0.787908043881003
0.7871896455909545
0.7864975839476149
0.7858321237265404
0.785193469311245
0.7845818162793516
0.7839973602084831
0.7834402966762622
0.7829108212603119
0.7824091295382547
0.7819354170877136
0.7814898761750219
0.7810726502501643
0.7806838457937154
0.780323568388848
0.7799919236187346
0.7796890170665477
0.77941495431546
0.7791698409486439
0.7789537825492722