-5.516713308990287695e-04
3.973046752749763606e-04
2.386042174019261525e-02
2.609670235007854541e-02
-4.838019274508197076e-02
1.328757180913084923e-01
1.320083680788795566e-01
1.198569423683068652e-01
1.238068721717593412e-01
1.836239875415227041e-01
1.644080941745917679e+00
1.643217461319005368e+00
1.614300635110823112e+00
1.607742359195584170e+00
1.679698959008887105e+00
1.243091380262452814e-06
1.243091383997560638e-06
1.127529960262443047e-06
1.131011597318725247e-06
1.229750998537568167e-06
9.463204602404486909e-01
9.463204602404486909e-01
9.463205278174738888e-01
9.463205274471340189e-01
9.463205232696250135e-01
9.702859772752610024e-01
9.702859772752610024e-01
9.702860820507732686e-01
9.702859571997999311e-01
9.702856194429679837e-01
4.965207637894285296e-07
4.476048900817745872e-07
5.832694182297548423e-07
5.834125031147195299e-07
5.372860537634659916e-07
8.634184452521789233e-01
8.634184746678940092e-01
8.634185731731596203e-01
8.634185761774831880e-01
8.634185739076739585e-01
9.468100448559669813e-01
9.468099983624767013e-01
9.468101670487072408e-01
9.468101001003402795e-01
9.468101132882444926e-01
2.482998571375882084e-06
4.165006006402819132e-06
2.944483027211345184e-06
2.742354937254217144e-06
1.837177310964660016e-06
9.183774538827980116e-01
9.183783754148123757e-01
9.183789408867197857e-01
9.183821058937801096e-01
9.183784490764205222e-01
1.275151788714874446e+00
1.275150792971109892e+00
1.275146747550461424e+00
1.275148458436364818e+00
1.275152788588841624e+00
-1.393557316191388204e-06
-1.320734980749438613e-06
7.044078681478202074e-07
1.559859958701292352e-06
-6.029399323158944685e-07
8.868481120079033664e-01
8.868481244496014826e-01
8.868482986558596792e-01
8.868490337143808411e-01
8.868492431486527661e-01
1.265616897560896792e+00
1.265617278069247176e+00
1.265618479072704305e+00
1.265627007835100848e+00
1.265623626002507329e+00
3.886897631339996047e-06
3.891396842013576142e-06
4.036557740000131333e-06
3.930220620998928742e-06
3.928528347033993311e-06
8.817058117224980673e-01
8.817058140687944467e-01
8.817061113843434050e-01
8.817060084656794805e-01
8.817060075857651169e-01
9.526810198866529911e-01
9.526810208671808722e-01
9.526806822355525783e-01
9.526806406102630298e-01
9.526806395725139209e-01
-4.127918726196339125e-06
-4.127858564495444756e-06
-4.127047894433496988e-06
-4.069684200804234535e-06
-4.058090269512302798e-06
9.607591589272589383e-01
9.607591589272588273e-01
9.607592408117686666e-01
9.607592954132280205e-01
9.607592954934014440e-01
9.750935579952945131e-01
9.750935581390616225e-01
9.750932788022430575e-01
9.750927478628248490e-01
9.750926850355616793e-01
-1.738151482185504026e-01
-1.818125411504750988e-01
4.028317267269362900e-02
1.718668403001083200e-01
1.777576169327783895e-01
-9.737908217596281946e-02
-9.251542281280217273e-02
-1.317049104391029568e-01
-6.330727296856848707e-02
-5.944460470003356395e-02
1.831480115388835594e+00
1.840800920394142226e+00
1.528449662887791050e+00
1.298274985817993388e+00
1.287502961473900642e+00
